날짜,시가,고가,저가,종가,거래량
2016-05-27,,,,130457.4453125,587879.0
2016-05-30,,,,132063.046875,277494.0
2016-05-31,,,,131260.25,383080.0
2016-06-01,,,,126443.375,238855.0
2016-06-02,,,,126041.96875,165727.0
2016-06-03,,,,125239.15625,198791.0
2016-06-07,,,,130056.0234375,249591.0
2016-06-08,,,,128450.40625,298517.0
2016-06-09,,,,124436.3515625,441902.0
2016-06-10,,,,126041.96875,202805.0
2016-06-13,,,,122027.8828125,210245.0
2016-06-14,,,,121626.484375,165993.0
2016-06-15,,,,117211.0,414589.0
2016-06-16,,,,118013.8046875,264181.0
2016-06-17,,,,114401.15625,371205.0
2016-06-20,,,,114802.546875,420045.0
2016-06-21,,,,111189.8984375,481796.0
2016-06-22,,,,117211.0,1113604.0
2016-06-23,,,,116408.1875,240063.0
2016-06-24,,,,111189.8984375,688782.0
2016-06-27,,,,111189.8984375,511614.0
2016-06-28,,,,113196.9296875,395013.0
2016-06-29,,,,113196.9296875,256204.0
2016-06-30,,,,112795.515625,255015.0
2016-07-01,,,,111992.703125,246171.0
2016-07-04,,,,118013.8046875,510917.0
2016-07-05,,,,115203.9453125,318462.0
2016-07-06,,,,112795.515625,361530.0
2016-07-07,,,,111992.703125,243839.0
2016-07-08,,,,109584.25,356327.0
2016-07-11,,,,111189.8984375,300502.0
2016-07-12,,,,110788.4765625,286510.0
2016-07-13,,,,114802.546875,538162.0
2016-07-14,,,,118013.8046875,498475.0
2016-07-15,,,,118013.8046875,389508.0
2016-07-18,,,,118013.8046875,325837.0
2016-07-19,,,,117211.0,297795.0
2016-07-20,,,,118013.8046875,266067.0
2016-07-21,,,,116006.7890625,161150.0
2016-07-22,,,,120422.2578125,285672.0
2016-07-25,,,,120823.6875,319058.0
2016-07-26,,,,120422.2578125,370777.0
2016-07-27,,,,118816.6484375,290974.0
2016-07-28,,,,117211.0,296846.0
2016-07-29,,,,117211.0,237902.0
2016-08-01,,,,120422.2578125,347839.0
2016-08-02,,,,117211.0,210208.0
2016-08-03,,,,113999.75,230879.0
2016-08-04,,,,118013.8046875,264316.0
2016-08-05,,,,120422.2578125,297019.0
2016-08-08,,,,121225.0625,277220.0
2016-08-09,,,,121626.484375,219806.0
2016-08-10,,,,124034.921875,422547.0
2016-08-11,,,,122830.7109375,286002.0
2016-08-12,,,,122027.8828125,329516.0
2016-08-16,,,,124837.734375,268887.0
2016-08-17,,,,126844.765625,343878.0
2016-08-18,,,,123633.5234375,311914.0
2016-08-19,,,,124837.734375,208797.0
2016-08-22,,,,122429.296875,199681.0
2016-08-23,,,,117211.0,503635.0
2016-08-24,,,,118816.6484375,291994.0
2016-08-25,,,,114401.15625,640800.0
2016-08-26,,,,115203.9453125,332070.0
2016-08-29,,,,111591.296875,338082.0
2016-08-30,,,,113999.75,304059.0
2016-08-31,,,,116809.59375,393131.0
2016-09-01,,,,118415.2109375,238628.0
2016-09-02,,,,117612.3984375,140325.0
2016-09-05,,,,120422.2578125,181851.0
2016-09-06,,,,120422.2578125,176353.0
2016-09-07,,,,122027.8828125,279260.0
2016-09-08,,,,121225.0625,285609.0
2016-09-09,,,,122027.8828125,213970.0
2016-09-12,,,,122429.296875,234866.0
2016-09-13,,,,121626.484375,276155.0
2016-09-19,,,,123232.1015625,243644.0
2016-09-20,,,,122429.296875,171734.0
2016-09-21,,,,124034.921875,160435.0
2016-09-22,,,,123633.5234375,226557.0
2016-09-23,,,,127647.5859375,361479.0
2016-09-26,,,,128048.9765625,218347.0
2016-09-27,,,,126443.375,321693.0
2016-09-28,,,,123232.1015625,335229.0
2016-09-29,,,,129654.609375,736911.0
2016-09-30,,,,129654.609375,298048.0
2016-10-04,,,,128048.9765625,248008.0
2016-10-05,,,,128048.9765625,259913.0
2016-10-06,,,,125640.546875,317674.0
2016-10-07,,,,126443.375,229526.0
2016-10-10,,,,127246.1875,177144.0
2016-10-11,,,,130056.0234375,484282.0
2016-10-12,,,,126844.765625,282134.0
2016-10-13,,,,125640.546875,314121.0
2016-10-14,,,,124034.921875,321806.0
2016-10-17,,,,124436.3515625,242013.0
2016-10-18,,,,126443.375,261508.0
2016-10-19,,,,126844.765625,221171.0
2016-10-20,,,,129253.2265625,290546.0
2016-10-21,,,,126844.765625,174687.0
2016-10-24,,,,127647.5859375,196355.0
2016-10-25,,,,126844.765625,139438.0
2016-10-26,,,,124436.3515625,150873.0
2016-10-27,,,,124436.3515625,204313.0
2016-10-28,,,,124837.734375,238808.0
2016-10-31,,,,121626.484375,202978.0
2016-11-01,,,,125239.15625,340787.0
2016-11-02,,,,127246.1875,316859.0
2016-11-03,,,,125640.546875,197289.0
2016-11-04,,,,123633.5234375,213767.0
2016-11-07,,,,124436.3515625,245482.0
2016-11-08,,,,124034.921875,229495.0
2016-11-09,,,,122429.296875,329133.0
2016-11-10,,,,129654.609375,403822.0
2016-11-11,,,,128048.9765625,277286.0
2016-11-14,,,,127647.5859375,175320.0
2016-11-15,,,,129253.2265625,320810.0
2016-11-16,,,,125640.546875,329732.0
2016-11-17,,,,124837.734375,248019.0
2016-11-18,,,,122027.8828125,232598.0
2016-11-21,,,,122027.8828125,234798.0
2016-11-22,,,,126443.375,378090.0
2016-11-23,,,,126844.765625,242867.0
2016-11-24,,,,126844.765625,124654.0
2016-11-25,,,,125239.15625,119974.0
2016-11-28,,,,124034.921875,303165.0
2016-11-29,,,,125640.546875,239136.0
2016-11-30,,,,122429.296875,355639.0
2016-12-01,,,,123232.1015625,508037.0
2016-12-02,,,,122027.8828125,237467.0
2016-12-05,,,,122027.8828125,172546.0
2016-12-06,,,,123232.1015625,211126.0
2016-12-07,,,,122027.8828125,366825.0
2016-12-08,,,,124436.3515625,305996.0
2016-12-09,,,,121626.484375,265423.0
2016-12-12,,,,123232.1015625,229743.0
2016-12-13,,,,124034.921875,319363.0
2016-12-14,,,,123232.1015625,240614.0
2016-12-15,,,,124034.921875,228549.0
2016-12-16,,,,122027.8828125,212224.0
2016-12-19,,,,119619.4453125,354754.0
2016-12-20,,,,117612.3984375,548453.0
2016-12-21,,,,117612.3984375,317716.0
2016-12-22,,,,117612.3984375,285307.0
2016-12-23,,,,117612.3984375,216799.0
2016-12-26,,,,120020.84375,274752.0
2016-12-27,,,,122027.8828125,386013.0
2016-12-28,,,,124039.3515625,273886.0
2016-12-29,,,,122782.171875,157010.0
2017-01-02,,,,123201.2265625,142311.0
2017-01-03,,,,129906.0703125,514997.0
2017-01-04,,,,130744.1640625,268844.0
2017-01-05,,,,129067.9609375,199950.0
2017-01-06,,,,131582.265625,270927.0
2017-01-09,,,,133258.46875,232142.0
2017-01-10,,,,130325.09375,272901.0
2017-01-11,,,,133677.5,385716.0
2017-01-12,,,,134515.625,343485.0
2017-01-13,,,,135772.78125,195051.0
2017-01-16,,,,135772.78125,273141.0
2017-01-17,,,,135772.78125,245949.0
2017-01-18,,,,136191.828125,114774.0
2017-01-19,,,,136191.828125,181818.0
2017-01-20,,,,135772.78125,164060.0
2017-01-23,,,,133677.5,185367.0
2017-01-24,,,,135353.703125,139227.0
2017-01-25,,,,135772.78125,166832.0
2017-01-26,,,,135772.78125,152673.0
2017-01-31,,,,131582.265625,285018.0
2017-02-01,,,,132839.421875,197520.0
2017-02-02,,,,134934.6875,268469.0
2017-02-03,,,,131163.203125,451516.0
2017-02-06,,,,127391.7421875,531761.0
2017-02-07,,,,126972.703125,314788.0
2017-02-08,,,,129067.9609375,299627.0
2017-02-09,,,,127810.796875,289516.0
2017-02-10,,,,130744.1640625,310509.0
2017-02-13,,,,132001.3125,205944.0
2017-02-14,,,,130325.09375,198385.0
2017-02-15,,,,131582.265625,171333.0
2017-02-16,,,,132420.375,147218.0
2017-02-17,,,,131163.203125,118015.0
2017-02-20,,,,128648.890625,224063.0
2017-02-21,,,,129487.0,148649.0
2017-02-22,,,,129906.0703125,307339.0
2017-02-23,,,,130744.1640625,263403.0
2017-02-24,,,,128229.8515625,272024.0
2017-02-27,,,,128648.890625,189621.0
2017-02-28,,,,129487.0,229233.0
2017-03-02,,,,132001.3125,372565.0
2017-03-03,,,,130325.09375,191347.0
2017-03-06,,,,129067.9609375,323905.0
2017-03-07,,,,129067.9609375,196552.0
2017-03-08,,,,131582.265625,310134.0
2017-03-09,,,,129067.9609375,477227.0
2017-03-10,,,,127391.7421875,300189.0
2017-03-13,,,,132001.3125,397242.0
2017-03-14,,,,131582.265625,310042.0
2017-03-15,,,,134934.6875,408479.0
2017-03-16,,,,135353.703125,362989.0
2017-03-17,,,,137868.03125,277406.0
2017-03-20,,,,135772.78125,243621.0
2017-03-21,,,,140801.40625,441405.0
2017-03-22,,,,136610.890625,421059.0
2017-03-23,,,,136610.890625,186960.0
2017-03-24,,,,137029.9375,131109.0
2017-03-27,,,,135772.78125,165412.0
2017-03-28,,,,136610.890625,289622.0
2017-03-29,,,,136610.890625,199800.0
2017-03-30,,,,137868.03125,314528.0
2017-03-31,,,,139544.265625,303439.0
2017-04-03,,,,139125.1875,127937.0
2017-04-04,,,,136610.890625,260008.0
2017-04-05,,,,137029.9375,184130.0
2017-04-06,,,,136191.828125,218104.0
2017-04-07,,,,137868.03125,183952.0
2017-04-10,,,,137449.015625,169054.0
2017-04-11,,,,135772.78125,150771.0
2017-04-12,,,,136610.890625,155906.0
2017-04-13,,,,137029.9375,129953.0
2017-04-14,,,,134515.625,89507.0
2017-04-17,,,,135353.703125,63315.0
2017-04-18,,,,136191.828125,103406.0
2017-04-19,,,,137029.9375,197327.0
2017-04-20,,,,135353.703125,189823.0
2017-04-21,,,,135353.703125,133991.0
2017-04-24,,,,137868.03125,176355.0
2017-04-25,,,,142477.609375,492117.0
2017-04-26,,,,144991.9375,346767.0
2017-04-27,,,,146249.078125,292542.0
2017-04-28,,,,143315.71875,207479.0
2017-05-02,,,,145830.015625,181208.0
2017-05-04,,,,142896.65625,274916.0
2017-05-08,,,,144153.84375,380662.0
2017-05-10,,,,142058.546875,332863.0
2017-05-11,,,,144991.9375,400600.0
2017-05-12,,,,144991.9375,195832.0
2017-05-15,,,,144153.84375,162882.0
2017-05-16,,,,143734.75,202619.0
2017-05-17,,,,140801.40625,279313.0
2017-05-18,,,,141639.484375,201996.0
2017-05-19,,,,140801.40625,212103.0
2017-05-22,,,,141220.46875,294605.0
2017-05-23,,,,143734.75,319783.0
2017-05-24,,,,142477.609375,196810.0
2017-05-25,,,,142058.546875,320992.0
2017-05-26,,,,140382.34375,334459.0
2017-05-29,,,,142896.65625,264436.0
2017-05-30,,,,142896.65625,229397.0
2017-05-31,,,,141639.484375,358220.0
2017-06-01,,,,139544.265625,330412.0
2017-06-02,,,,138706.140625,345996.0
2017-06-05,,,,135772.78125,450667.0
2017-06-07,,,,133258.46875,508323.0
2017-06-08,,,,131582.265625,854754.0
2017-06-09,,,,131582.265625,478376.0
2017-06-12,,,,133677.5,457449.0
2017-06-13,,,,134515.625,400758.0
2017-06-14,,,,134096.578125,423154.0
2017-06-15,,,,131163.203125,426605.0
2017-06-16,,,,133258.46875,473252.0
2017-06-19,,,,134934.6875,395564.0
2017-06-20,,,,132001.3125,352103.0
2017-06-21,,,,131582.265625,221751.0
2017-06-22,,,,131163.203125,369812.0
2017-06-23,,,,132839.421875,342049.0
2017-06-26,,,,131582.265625,188525.0
2017-06-27,,,,131163.203125,278650.0
2017-06-28,,,,132420.375,254483.0
2017-06-29,,,,133351.703125,220073.0
2017-06-30,,,,134198.390625,205769.0
2017-07-03,,,,136315.078125,352938.0
2017-07-04,,,,135468.421875,290349.0
2017-07-05,,,,135468.421875,255999.0
2017-07-06,,,,134198.390625,364162.0
2017-07-07,,,,135045.0625,204676.0
2017-07-10,,,,135468.421875,276599.0
2017-07-11,,,,140125.125,589544.0
2017-07-12,,,,138431.78125,279976.0
2017-07-13,,,,138008.4375,340912.0
2017-07-14,,,,142241.828125,385940.0
2017-07-17,,,,143088.515625,267210.0
2017-07-18,,,,142665.171875,159903.0
2017-07-19,,,,141818.484375,148754.0
2017-07-20,,,,145628.53125,457446.0
2017-07-21,,,,145205.1875,159085.0
2017-07-24,,,,145628.53125,209915.0
2017-07-25,,,,147745.234375,449853.0
2017-07-26,,,,150285.265625,438975.0
2017-07-27,,,,147745.234375,372203.0
2017-07-28,,,,148168.578125,410109.0
2017-07-31,,,,149438.59375,215887.0
2017-08-01,,,,151978.625,387776.0
2017-08-02,,,,149438.59375,264971.0
2017-08-03,,,,146051.875,352584.0
2017-08-04,,,,152401.96875,331262.0
2017-08-07,,,,149438.59375,216293.0
2017-08-08,,,,149861.921875,186824.0
2017-08-09,,,,147745.234375,158250.0
2017-08-10,,,,145628.53125,388257.0
2017-08-11,,,,145628.53125,310775.0
2017-08-14,,,,147321.90625,135768.0
2017-08-16,,,,144358.53125,433482.0
2017-08-17,,,,143935.203125,176948.0
2017-08-18,,,,144358.53125,154893.0
2017-08-21,,,,147321.90625,318232.0
2017-08-22,,,,147745.234375,132810.0
2017-08-23,,,,144781.859375,191450.0
2017-08-24,,,,150708.59375,427617.0
2017-08-25,,,,152825.296875,325574.0
2017-08-28,,,,155365.34375,264341.0
2017-08-29,,,,155365.34375,379681.0
2017-08-30,,,,157482.03125,281125.0
2017-08-31,,,,159598.71875,633046.0
2017-09-01,,,,159598.71875,288092.0
2017-09-04,,,,160445.390625,309016.0
2017-09-05,,,,158328.703125,279477.0
2017-09-06,,,,156635.359375,296688.0
2017-09-07,,,,158328.703125,204926.0
2017-09-08,,,,157905.375,112841.0
2017-09-11,,,,161715.421875,332851.0
2017-09-12,,,,162138.765625,234985.0
2017-09-13,,,,164255.4375,399395.0
2017-09-14,,,,165948.8125,311775.0
2017-09-15,,,,160022.03125,529666.0
2017-09-18,,,,161715.421875,214249.0
2017-09-19,,,,160445.390625,161964.0
2017-09-20,,,,161715.421875,231545.0
2017-09-21,,,,160022.03125,223401.0
2017-09-25,,,,160445.390625,222477.0
2017-09-26,,,,160445.390625,0.0
2017-09-27,,,,165525.46875,209276.0
2017-09-28,,,,164678.796875,207196.0
2017-09-29,,,,168488.8125,289016.0
2017-10-10,,,,173145.546875,601279.0
2017-10-11,,,,171452.21875,299530.0
2017-10-12,,,,177802.296875,392916.0
2017-10-13,,,,177378.953125,345623.0
2017-10-16,,,,174838.90625,238146.0
2017-10-17,,,,176108.921875,167443.0
2017-10-18,,,,172722.234375,191481.0
2017-10-19,,,,175685.578125,264657.0
2017-10-20,,,,174415.59375,163467.0
2017-10-23,,,,173568.890625,200314.0
2017-10-24,,,,174838.90625,152113.0
2017-10-25,,,,173568.890625,206044.0
2017-10-26,,,,172298.890625,174812.0
2017-10-27,,,,174415.59375,146300.0
2017-10-30,,,,176955.609375,296855.0
2017-10-31,,,,173568.890625,236575.0
2017-11-01,,,,175685.578125,272025.0
2017-11-02,,,,173145.546875,298360.0
2017-11-03,,,,176955.609375,271391.0
2017-11-06,,,,179495.65625,314368.0
2017-11-07,,,,181188.984375,270359.0
2017-11-08,,,,183305.6875,198503.0
2017-11-09,,,,184152.375,351338.0
2017-11-10,,,,178648.953125,267437.0
2017-11-13,,,,171875.546875,373608.0
2017-11-14,,,,171875.546875,255387.0
2017-11-15,,,,165948.8125,444721.0
2017-11-16,,,,170182.203125,290125.0
2017-11-17,,,,172298.890625,369603.0
2017-11-20,,,,168912.171875,235333.0
2017-11-21,,,,168488.8125,217962.0
2017-11-22,,,,171452.21875,193860.0
2017-11-23,,,,172298.890625,171714.0
2017-11-24,,,,173568.890625,108235.0
2017-11-27,,,,174415.59375,181067.0
2017-11-28,,,,174838.90625,155188.0
2017-11-29,,,,175685.578125,148156.0
2017-11-30,,,,174838.90625,296035.0
2017-12-01,,,,171452.21875,218728.0
2017-12-04,,,,175685.578125,177841.0
2017-12-05,,,,176532.28125,125195.0
2017-12-06,,,,176108.921875,157827.0
2017-12-07,,,,171452.21875,269446.0
2017-12-08,,,,171875.546875,160938.0
2017-12-11,,,,171028.875,140136.0
2017-12-12,,,,166795.46875,300173.0
2017-12-13,,,,172722.234375,204645.0
2017-12-14,,,,174415.59375,401210.0
2017-12-15,,,,172298.890625,449448.0
2017-12-18,,,,171452.21875,109879.0
2017-12-19,,,,171452.21875,150556.0
2017-12-21,,,,171452.21875,281743.0
2017-12-22,,,,172722.234375,205554.0
2017-12-26,,,,175685.578125,287458.0
2017-12-27,,,,176471.859375,214174.0
2017-12-28,,,,178655.90625,116164.0
2018-01-02,,,,180403.15625,147165.0
2018-01-03,,,,176908.671875,210255.0
2018-01-04,,,,173414.171875,324601.0
2018-01-05,,,,176035.046875,221454.0
2018-01-08,,,,172540.5625,365591.0
2018-01-09,,,,171230.125,299524.0
2018-01-10,,,,177345.484375,401259.0
2018-01-11,,,,175161.421875,338570.0
2018-01-12,,,,175598.25,198175.0
2018-01-15,,,,173414.171875,170195.0
2018-01-16,,,,172540.5625,203192.0
2018-01-17,,,,172977.375,177082.0
2018-01-18,,,,168172.4375,333201.0
2018-01-19,,,,169919.6875,174166.0
2018-01-22,,,,170356.484375,175784.0
2018-01-23,,,,173850.96875,259409.0
2018-01-24,,,,174287.796875,159174.0
2018-01-25,,,,174724.625,251640.0
2018-01-26,,,,172977.375,166129.0
2018-01-29,,,,183460.84375,668374.0
2018-01-30,,,,183460.84375,467287.0
2018-01-31,,,,178655.90625,348904.0
2018-02-01,,,,179529.53125,350794.0
2018-02-02,,,,174724.625,256332.0
2018-02-05,,,,173414.171875,312309.0
2018-02-06,,,,168609.234375,358042.0
2018-02-07,,,,166425.1875,303572.0
2018-02-08,,,,165114.734375,360002.0
2018-02-09,,,,161620.28125,243651.0
2018-02-12,,,,162057.09375,154604.0
2018-02-13,,,,165988.390625,254244.0
2018-02-14,,,,166425.1875,193147.0
2018-02-19,,,,171666.921875,213977.0
2018-02-20,,,,169919.6875,103329.0
2018-02-21,,,,170793.3125,168245.0
2018-02-22,,,,168609.234375,278561.0
2018-02-23,,,,174287.796875,271367.0
2018-02-26,,,,182587.21875,528071.0
2018-02-27,,,,180839.96875,250790.0
2018-02-28,,,,179529.53125,304968.0
2018-03-02,,,,181276.78125,288748.0
2018-03-05,,,,182150.421875,237210.0
2018-03-06,,,,178655.90625,256951.0
2018-03-07,,,,177782.3125,232600.0
2018-03-08,,,,176908.671875,342780.0
2018-03-09,,,,178655.90625,157358.0
2018-03-12,,,,187392.140625,398861.0
2018-03-13,,,,182150.421875,272382.0
2018-03-14,,,,183460.84375,237633.0
2018-03-15,,,,183460.84375,133043.0
2018-03-16,,,,182150.421875,249505.0
2018-03-19,,,,184334.453125,152203.0
2018-03-20,,,,184771.28125,159290.0
2018-03-21,,,,185208.09375,229372.0
2018-03-22,,,,186518.53125,212269.0
2018-03-23,,,,183024.046875,180839.0
2018-03-26,,,,185208.09375,157060.0
2018-03-27,,,,183024.046875,158230.0
2018-03-28,,,,180839.96875,154277.0
2018-03-29,,,,183460.84375,206356.0
2018-03-30,,,,184334.453125,166522.0
2018-04-02,,,,186955.328125,213329.0
2018-04-03,,,,184334.453125,186576.0
2018-04-04,,,,183460.84375,235321.0
2018-04-05,,,,186518.53125,160374.0
2018-04-06,,,,185644.90625,130916.0
2018-04-09,,,,181276.78125,274425.0
2018-04-10,,,,177345.484375,283317.0
2018-04-11,,,,176471.859375,203237.0
2018-04-12,,,,178655.90625,256303.0
2018-04-13,,,,175598.25,146913.0
2018-04-16,,,,176908.671875,157054.0
2018-04-17,,,,173414.171875,221128.0
2018-04-18,,,,173850.96875,249990.0
2018-04-19,,,,172977.375,167328.0
2018-04-20,,,,173850.96875,104249.0
2018-04-23,,,,175598.25,160718.0
2018-04-24,,,,174287.796875,213060.0
2018-04-25,,,,169046.078125,460629.0
2018-04-26,,,,169919.6875,328034.0
2018-04-27,,,,167735.625,274584.0
2018-04-30,,,,171666.921875,230140.0
2018-05-02,,,,182150.421875,659699.0
2018-05-03,,,,180403.15625,490759.0
2018-05-04,,,,172540.5625,412372.0
2018-05-08,,,,174724.625,330667.0
2018-05-09,,,,176471.859375,228655.0
2018-05-10,,,,177345.484375,298660.0
2018-05-11,,,,179092.703125,201706.0
2018-05-14,,,,179092.703125,239188.0
2018-05-15,,,,178219.109375,328424.0
2018-05-16,,,,176471.859375,330959.0
2018-05-17,,,,178219.109375,265372.0
2018-05-18,,,,179966.359375,232761.0
2018-05-21,,,,180839.96875,177869.0
2018-05-23,,,,179092.703125,265788.0
2018-05-24,,,,178219.109375,168752.0
2018-05-25,,,,176471.859375,191780.0
2018-05-28,,,,177782.3125,165744.0
2018-05-29,,,,178655.90625,150211.0
2018-05-30,,,,173850.96875,363039.0
2018-05-31,,,,179966.359375,523275.0
2018-06-01,,,,177782.3125,180253.0
2018-06-04,,,,181276.78125,180004.0
2018-06-05,,,,179966.359375,177925.0
2018-06-07,,,,181713.59375,256588.0
2018-06-08,,,,183460.84375,186448.0
2018-06-11,,,,187392.140625,291668.0
2018-06-12,,,,187828.9375,246400.0
2018-06-14,,,,186081.71875,332999.0
2018-06-15,,,,187392.140625,282335.0
2018-06-18,,,,186518.53125,280236.0
2018-06-19,,,,179092.703125,407860.0
2018-06-20,,,,178655.90625,297367.0
2018-06-21,,,,178219.109375,203203.0
2018-06-22,,,,176471.859375,236489.0
2018-06-25,,,,179966.359375,172078.0
2018-06-26,,,,180839.96875,184315.0
2018-06-27,,,,176908.671875,298838.0
2018-06-28,,,,177437.015625,226772.0
2018-06-29,,,,177877.3125,259786.0
2018-07-02,,,,165549.171875,647297.0
2018-07-03,,,,162467.140625,571132.0
2018-07-04,,,,164228.3125,235272.0
2018-07-05,,,,166870.046875,313194.0
2018-07-06,,,,169952.0625,302160.0
2018-07-09,,,,170392.375,184584.0
2018-07-10,,,,169071.5,256582.0
2018-07-11,,,,167750.625,258183.0
2018-07-12,,,,167750.625,379824.0
2018-07-13,,,,169071.5,278196.0
2018-07-16,,,,174795.265625,290116.0
2018-07-17,,,,169952.0625,198573.0
2018-07-18,,,,168631.21875,141826.0
2018-07-19,,,,171272.953125,161393.0
2018-07-20,,,,170392.375,148498.0
2018-07-23,,,,173034.109375,167197.0
2018-07-24,,,,171272.953125,86131.0
2018-07-25,,,,172153.53125,106310.0
2018-07-26,,,,177877.3125,251210.0
2018-07-27,,,,174795.265625,117080.0
2018-07-30,,,,179638.484375,307490.0
2018-07-31,,,,174795.265625,215530.0
2018-08-01,,,,173034.109375,139209.0
2018-08-02,,,,168190.921875,191235.0
2018-08-03,,,,166429.734375,422458.0
2018-08-06,,,,167750.625,221735.0
2018-08-07,,,,166870.046875,326140.0
2018-08-08,,,,165989.46875,248063.0
2018-08-09,,,,166870.046875,254829.0
2018-08-10,,,,169071.5,238980.0
2018-08-13,,,,169511.796875,196084.0
2018-08-14,,,,175235.546875,320200.0
2018-08-16,,,,175235.546875,179179.0
2018-08-17,,,,176996.734375,167938.0
2018-08-20,,,,176116.15625,137978.0
2018-08-21,,,,173914.71875,216144.0
2018-08-22,,,,170832.65625,188898.0
2018-08-23,,,,172153.53125,121423.0
2018-08-24,,,,173914.71875,129138.0
2018-08-27,,,,173474.40625,70987.0
2018-08-28,,,,172153.53125,186139.0
2018-08-29,,,,171713.234375,92333.0
2018-08-30,,,,169071.5,148216.0
2018-08-31,,,,169952.0625,146223.0
2018-09-03,,,,171272.953125,120584.0
2018-09-04,,,,169952.0625,125288.0
2018-09-05,,,,168631.21875,130349.0
2018-09-06,,,,168190.921875,128281.0
2018-09-07,,,,169511.796875,102973.0
2018-09-10,,,,175675.859375,429852.0
2018-09-11,,,,178317.609375,296301.0
2018-09-12,,,,177437.015625,187411.0
2018-09-13,,,,177437.015625,218337.0
2018-09-14,,,,179198.203125,145235.0
2018-09-17,,,,176996.734375,146920.0
2018-09-18,,,,178317.609375,168599.0
2018-09-19,,,,177437.015625,110636.0
2018-09-20,,,,174795.265625,177424.0
2018-09-21,,,,176556.4375,422607.0
2018-09-27,,,,183601.09375,407907.0
2018-09-28,,,,189324.859375,471623.0
2018-10-01,,,,196369.5,482511.0
2018-10-02,,,,198570.984375,271618.0
2018-10-04,,,,196369.5,262695.0
2018-10-05,,,,197250.09375,206173.0
2018-10-08,,,,191526.3125,352951.0
2018-10-10,,,,190205.453125,186315.0
2018-10-11,,,,181399.640625,295881.0
2018-10-12,,,,186242.828125,249157.0
2018-10-15,,,,189324.859375,224291.0
2018-10-16,,,,188004.0,267713.0
2018-10-17,,,,192847.1875,200677.0
2018-10-18,,,,193727.765625,199267.0
2018-10-19,,,,187123.40625,427027.0
2018-10-22,,,,188444.28125,196183.0
2018-10-23,,,,182280.21875,163801.0
2018-10-24,,,,182280.21875,278939.0
2018-10-25,,,,184921.953125,227198.0
2018-10-26,,,,180519.03125,245333.0
2018-10-29,,,,181839.921875,208745.0
2018-10-30,,,,183160.796875,207439.0
2018-10-31,,,,188004.0,231514.0
2018-11-01,,,,178317.609375,326147.0
2018-11-02,,,,182280.21875,296194.0
2018-11-05,,,,180519.03125,199645.0
2018-11-06,,,,180959.34375,171998.0
2018-11-07,,,,179638.484375,278069.0
2018-11-08,,,,179198.203125,233412.0
2018-11-09,,,,176116.15625,285737.0
2018-11-12,,,,174355.0,219638.0
2018-11-13,,,,176116.15625,241653.0
2018-11-14,,,,170392.375,298561.0
2018-11-15,,,,172593.828125,239085.0
2018-11-16,,,,173474.40625,148686.0
2018-11-19,,,,178757.890625,252800.0
2018-11-20,,,,180078.75,191324.0
2018-11-21,,,,179198.203125,181297.0
2018-11-22,,,,180959.34375,117035.0
2018-11-23,,,,176556.4375,129892.0
2018-11-26,,,,173474.40625,272050.0
2018-11-27,,,,173474.40625,238470.0
2018-11-28,,,,172593.828125,294481.0
2018-11-29,,,,173034.109375,232126.0
2018-11-30,,,,173034.109375,321000.0
2018-12-03,,,,179198.203125,269575.0
2018-12-04,,,,175235.546875,287443.0
2018-12-05,,,,175235.546875,185897.0
2018-12-06,,,,168631.21875,362378.0
2018-12-07,,,,165108.890625,294410.0
2018-12-10,,,,162026.859375,257955.0
2018-12-11,,,,159825.390625,298225.0
2018-12-12,,,,162467.140625,296703.0
2018-12-13,,,,160705.984375,566204.0
2018-12-14,,,,162467.140625,289039.0
2018-12-17,,,,160705.984375,169124.0
2018-12-18,,,,156303.078125,325092.0
2018-12-19,,,,157183.65625,334001.0
2018-12-20,,,,158504.53125,211475.0
2018-12-21,,,,160705.984375,296945.0
2018-12-24,,,,159385.109375,161015.0
2018-12-26,,,,160265.6875,258234.0
2018-12-27,,,,163368.796875,256592.0
2018-12-28,,,,163825.125,150121.0
2019-01-02,,,,154242.046875,502549.0
2019-01-03,,,,151960.359375,293531.0
2019-01-04,,,,154242.046875,324744.0
2019-01-07,,,,158805.421875,438850.0
2019-01-08,,,,161543.421875,267288.0
2019-01-09,,,,164281.46875,232704.0
2019-01-10,,,,165650.46875,241552.0
2019-01-11,,,,163825.125,163658.0
2019-01-14,,,,162456.109375,163382.0
2019-01-15,,,,164281.46875,172316.0
2019-01-16,,,,162912.453125,161418.0
2019-01-17,,,,166563.15625,246674.0
2019-01-18,,,,167475.828125,174048.0
2019-01-21,,,,165650.46875,227454.0
2019-01-22,,,,165650.46875,152262.0
2019-01-23,,,,164737.796875,161372.0
2019-01-24,,,,163825.125,192722.0
2019-01-25,,,,169301.1875,295899.0
2019-01-28,,,,165194.140625,279156.0
2019-01-29,,,,169301.1875,287781.0
2019-01-30,,,,169301.1875,228497.0
2019-01-31,,,,172039.203125,334920.0
2019-02-01,,,,169757.515625,285312.0
2019-02-07,,,,169301.1875,174832.0
2019-02-08,,,,167475.828125,212491.0
2019-02-11,,,,169301.1875,139331.0
2019-02-12,,,,167475.828125,292444.0
2019-02-13,,,,167932.171875,166409.0
2019-02-14,,,,167475.828125,227367.0
2019-02-15,,,,166106.8125,161807.0
2019-02-18,,,,170213.859375,354400.0
2019-02-19,,,,171582.859375,182395.0
2019-02-20,,,,175233.5625,289550.0
2019-02-21,,,,171582.859375,216554.0
2019-02-22,,,,167932.171875,246099.0
2019-02-25,,,,167932.171875,169260.0
2019-02-26,,,,165194.140625,346938.0
2019-02-27,,,,171582.859375,335330.0
2019-02-28,,,,171582.859375,453492.0
2019-03-04,,,,167475.828125,317061.0
2019-03-05,,,,171582.859375,249541.0
2019-03-06,,,,175233.5625,264341.0
2019-03-07,,,,173408.21875,180836.0
2019-03-08,,,,175233.5625,256500.0
2019-03-11,,,,172039.203125,215828.0
2019-03-12,,,,173408.21875,143020.0
2019-03-13,,,,169757.515625,282296.0
2019-03-14,,,,173408.21875,345191.0
2019-03-15,,,,175689.90625,387031.0
2019-03-18,,,,176146.21875,109589.0
2019-03-19,,,,177971.578125,136159.0
2019-03-20,,,,178427.921875,123371.0
2019-03-21,,,,177971.578125,216819.0
2019-03-22,,,,178427.921875,153850.0
2019-03-25,,,,174320.890625,179896.0
2019-03-26,,,,171126.53125,237403.0
2019-03-27,,,,171582.859375,159212.0
2019-03-28,,,,170213.859375,199741.0
2019-03-29,,,,163825.125,616050.0
2019-04-01,,,,165650.46875,174307.0
2019-04-02,,,,166563.15625,135811.0
2019-04-03,,,,167932.171875,221462.0
2019-04-04,,,,167475.828125,191739.0
2019-04-05,,,,168844.84375,134453.0
2019-04-08,,,,169301.1875,165798.0
2019-04-09,,,,169301.1875,146710.0
2019-04-10,,,,167932.171875,199136.0
2019-04-11,,,,169301.1875,243243.0
2019-04-12,,,,168844.84375,169060.0
2019-04-15,,,,176602.578125,514611.0
2019-04-16,,,,175233.5625,287101.0
2019-04-17,,,,175233.5625,215026.0
2019-04-18,,,,173864.546875,211984.0
2019-04-19,,,,174320.890625,253169.0
2019-04-22,,,,173408.21875,142196.0
2019-04-23,,,,176602.578125,244104.0
2019-04-24,,,,176602.578125,292860.0
2019-04-25,,,,172039.203125,249620.0
2019-04-26,,,,170213.859375,210012.0
2019-04-29,,,,170670.171875,169069.0
2019-04-30,,,,166563.15625,347926.0
2019-05-02,,,,167019.46875,169446.0
2019-05-03,,,,164281.46875,183722.0
2019-05-07,,,,161543.421875,205441.0
2019-05-08,,,,160630.765625,174476.0
2019-05-09,,,,154242.046875,313256.0
2019-05-10,,,,155611.046875,194217.0
2019-05-13,,,,152873.015625,154691.0
2019-05-14,,,,151504.015625,244266.0
2019-05-15,,,,155154.71875,278432.0
2019-05-16,,,,153329.375,226243.0
2019-05-17,,,,153329.375,148975.0
2019-05-20,,,,150591.328125,172031.0
2019-05-21,,,,153785.703125,197075.0
2019-05-22,,,,152873.015625,189609.0
2019-05-23,,,,154698.375,179045.0
2019-05-24,,,,150591.328125,290784.0
2019-05-27,,,,150134.984375,232038.0
2019-05-28,,,,146940.640625,1744166.0
2019-05-29,,,,148309.65625,470045.0
2019-05-30,,,,150591.328125,307399.0
2019-05-31,,,,150591.328125,261819.0
2019-06-03,,,,149678.671875,286843.0
2019-06-04,,,,148766.0,210751.0
2019-06-05,,,,147396.96875,261178.0
2019-06-07,,,,146484.3125,158636.0
2019-06-10,,,,148309.65625,249400.0
2019-06-11,,,,148766.0,200003.0
2019-06-12,,,,147396.96875,171128.0
2019-06-13,,,,147396.96875,299360.0
2019-06-14,,,,145571.609375,198676.0
2019-06-17,,,,143746.28125,180115.0
2019-06-18,,,,145115.28125,162464.0
2019-06-19,,,,145571.609375,215488.0
2019-06-20,,,,146940.640625,130456.0
2019-06-21,,,,146940.640625,196895.0
2019-06-24,,,,146484.3125,124779.0
2019-06-25,,,,146027.96875,191845.0
2019-06-26,,,,146484.3125,129842.0
2019-06-27,,,,147959.296875,189260.0
2019-06-28,,,,146576.484375,141236.0
2019-07-01,,,,148881.140625,166218.0
2019-07-02,,,,152107.671875,378529.0
2019-07-03,,,,149342.09375,226145.0
2019-07-04,,,,158099.796875,550070.0
2019-07-05,,,,159021.671875,216081.0
2019-07-08,,,,156256.078125,172499.0
2019-07-09,,,,153490.484375,174264.0
2019-07-10,,,,152568.609375,185656.0
2019-07-11,,,,159021.671875,405517.0
2019-07-12,,,,161326.328125,448185.0
2019-07-15,,,,159021.671875,181597.0
2019-07-16,,,,158099.796875,166323.0
2019-07-17,,,,158560.734375,208990.0
2019-07-18,,,,155795.140625,177842.0
2019-07-19,,,,156717.015625,170229.0
2019-07-22,,,,159943.515625,213530.0
2019-07-23,,,,163170.046875,270251.0
2019-07-24,,,,162709.140625,181215.0
2019-07-25,,,,158560.734375,189489.0
2019-07-26,,,,159482.609375,165812.0
2019-07-29,,,,155795.140625,298546.0
2019-07-30,,,,157177.9375,180841.0
2019-07-31,,,,157638.859375,230668.0
2019-08-01,,,,158099.796875,130144.0
2019-08-02,,,,155334.203125,261445.0
2019-08-05,,,,152568.609375,207108.0
2019-08-06,,,,150724.875,287831.0
2019-08-07,,,,150263.953125,156509.0
2019-08-08,,,,146576.484375,303432.0
2019-08-09,,,,147037.421875,162832.0
2019-08-12,,,,145654.640625,169449.0
2019-08-13,,,,140123.4375,318477.0
2019-08-14,,,,145654.640625,322115.0
2019-08-16,,,,145654.640625,204598.0
2019-08-19,,,,147498.359375,201050.0
2019-08-20,,,,149803.015625,215116.0
2019-08-21,,,,151185.828125,224386.0
2019-08-22,,,,151646.75,143382.0
2019-08-23,,,,148881.140625,120795.0
2019-08-26,,,,146576.484375,114407.0
2019-08-27,,,,143810.90625,266787.0
2019-08-28,,,,144271.828125,172046.0
2019-08-29,,,,143810.90625,225905.0
2019-08-30,,,,152107.671875,375591.0
2019-09-02,,,,152568.609375,132951.0
2019-09-03,,,,149803.015625,163821.0
2019-09-04,,,,148881.140625,199812.0
2019-09-05,,,,151185.828125,239314.0
2019-09-06,,,,151646.75,151111.0
2019-09-09,,,,152568.609375,152375.0
2019-09-10,,,,153490.484375,144068.0
2019-09-11,,,,155334.203125,284351.0
2019-09-16,,,,159482.609375,465293.0
2019-09-17,,,,158099.796875,187606.0
2019-09-18,,,,156256.078125,187068.0
2019-09-19,,,,155795.140625,138246.0
2019-09-20,,,,155334.203125,194237.0
2019-09-23,,,,156256.078125,133143.0
2019-09-24,,,,156256.078125,98490.0
2019-09-25,,,,154873.28125,173388.0
2019-09-26,,,,153490.484375,205803.0
2019-09-27,,,,151185.828125,152537.0
2019-09-30,,,,153029.546875,201997.0
2019-10-01,,,,152568.609375,196407.0
2019-10-02,,,,149803.015625,133198.0
2019-10-04,,,,151185.828125,130447.0
2019-10-07,,,,152107.671875,141755.0
2019-10-08,,,,154873.28125,188722.0
2019-10-10,,,,150263.953125,310673.0
2019-10-11,,,,154412.328125,220334.0
2019-10-14,,,,155795.140625,137190.0
2019-10-15,,,,151185.828125,242875.0
2019-10-16,,,,149342.09375,231311.0
2019-10-17,,,,149803.015625,194590.0
2019-10-18,,,,150263.953125,232994.0
2019-10-21,,,,147959.296875,126920.0
2019-10-22,,,,150724.875,166035.0
2019-10-23,,,,147037.421875,268940.0
2019-10-24,,,,150724.875,195854.0
2019-10-25,,,,149342.09375,140576.0
2019-10-28,,,,148420.234375,104285.0
2019-10-29,,,,149803.015625,130141.0
2019-10-30,,,,146576.484375,165508.0
2019-10-31,,,,147498.359375,303572.0
2019-11-01,,,,147959.296875,234465.0
2019-11-04,,,,147959.296875,198078.0
2019-11-05,,,,148420.234375,177035.0
2019-11-06,,,,147037.421875,199346.0
2019-11-07,,,,147498.359375,144087.0
2019-11-08,,,,149342.09375,203421.0
2019-11-11,,,,148420.234375,145397.0
2019-11-12,,,,147959.296875,145731.0
2019-11-13,,,,144732.765625,258183.0
2019-11-14,,,,146576.484375,175811.0
2019-11-15,,,,147037.421875,142352.0
2019-11-18,,,,147498.359375,125980.0
2019-11-19,,,,146115.5625,296467.0
2019-11-20,,,,142889.046875,234975.0
2019-11-21,,,,142428.109375,193971.0
2019-11-22,,,,140123.4375,313584.0
2019-11-25,,,,138740.640625,387221.0
2019-11-26,,,,137818.765625,400571.0
2019-11-27,,,,138279.71875,237496.0
2019-11-28,,,,135975.046875,258312.0
2019-11-29,,,,135053.1875,327239.0
2019-12-02,,,,135975.046875,279381.0
2019-12-03,,,,135053.1875,234840.0
2019-12-04,,,,132748.53125,315592.0
2019-12-05,,,,130904.8125,417696.0
2019-12-06,,,,130443.859375,180649.0
2019-12-09,,,,134131.3125,337584.0
2019-12-10,,,,134131.3125,155508.0
2019-12-11,,,,134592.25,297904.0
2019-12-12,,,,135975.046875,675086.0
2019-12-13,,,,136896.921875,330397.0
2019-12-16,,,,136435.984375,294596.0
2019-12-17,,,,137357.84375,233885.0
2019-12-18,,,,137818.765625,335213.0
2019-12-19,,,,140123.4375,244549.0
2019-12-20,,,,141506.234375,377636.0
2019-12-23,,,,141506.234375,270783.0
2019-12-24,,,,141967.171875,262233.0
2019-12-26,,,,142889.046875,257006.0
2019-12-27,,,,140470.34375,245141.0
2019-12-30,,,,139540.0625,164944.0
2020-01-02,,,,136284.125,229132.0
2020-01-03,,,,139074.9375,290340.0
2020-01-06,,,,137679.546875,335159.0
2020-01-07,,,,134423.609375,342679.0
2020-01-08,,,,127446.609375,742532.0
2020-01-09,,,,127911.734375,678504.0
2020-01-10,,,,128376.8671875,444667.0
2020-01-13,,,,128376.8671875,334276.0
2020-01-14,,,,129772.28125,430032.0
2020-01-15,,,,127446.609375,411810.0
2020-01-16,,,,123725.53125,811146.0
2020-01-17,,,,124190.671875,752010.0
2020-01-20,,,,126051.203125,354790.0
2020-01-21,,,,125120.9296875,318034.0
2020-01-22,,,,125120.9296875,181144.0
2020-01-23,,,,120934.734375,514612.0
2020-01-28,,,,116283.3984375,682405.0
2020-01-29,,,,116283.3984375,508846.0
2020-01-30,,,,116283.3984375,423466.0
2020-01-31,,,,120934.734375,1308379.0
2020-02-03,,,,114888.0,828527.0
2020-02-04,,,,119074.203125,1039799.0
2020-02-05,,,,124655.8046875,1559920.0
2020-02-06,,,,126516.3359375,755042.0
2020-02-07,,,,124190.671875,495341.0
2020-02-10,,,,126981.46875,501628.0
2020-02-11,,,,130702.5390625,878297.0
2020-02-12,,,,130702.5390625,573828.0
2020-02-13,,,,128842.0078125,565178.0
2020-02-14,,,,127911.734375,394802.0
2020-02-17,,,,126981.46875,1095470.0
2020-02-18,,,,126981.46875,553784.0
2020-02-19,,,,125586.0703125,456149.0
2020-02-20,,,,123725.53125,461635.0
2020-02-21,,,,121399.8671875,452683.0
2020-02-24,,,,114888.0,561059.0
2020-02-25,,,,113957.7265625,683733.0
2020-02-26,,,,111632.0625,830999.0
2020-02-27,,,,108376.125,712828.0
2020-02-28,,,,105120.1875,815043.0
2020-03-02,,,,106050.4609375,643892.0
2020-03-03,,,,106515.5859375,659950.0
2020-03-04,,,,106980.7265625,586113.0
2020-03-05,,,,105120.1875,844477.0
2020-03-06,,,,100468.859375,873477.0
2020-03-09,,,,100468.859375,0.0
2020-03-10,,,,93491.8515625,1218737.0
2020-03-11,,,,91166.1796875,835567.0
2020-03-12,,,,91166.1796875,0.0
2020-03-13,,,,80468.109375,1300898.0
2020-03-16,,,,74607.421875,1175865.0
2020-03-17,,,,72467.8125,1062257.0
2020-03-18,,,,65955.9453125,971172.0
2020-03-19,,,,53304.3125,2310848.0
2020-03-20,,,,60281.3125,1815405.0
2020-03-23,,,,56095.11328125,1227362.0
2020-03-24,,,,66979.234375,1659330.0
2020-03-25,,,,83724.0390625,3037639.0
2020-03-26,,,,79072.7109375,3460507.0
2020-03-27,,,,81584.4296875,1844528.0
2020-03-30,,,,80096.0,1215455.0
2020-03-31,,,,80933.2421875,1084811.0
2020-04-01,,,,76747.0390625,882268.0
2020-04-02,,,,84096.1484375,2190823.0
2020-04-03,,,,83444.9609375,1888361.0
2020-04-06,,,,87817.21875,1470911.0
2020-04-07,,,,87724.1953125,1225998.0
2020-04-08,,,,87073.0078125,874705.0
2020-04-09,,,,91166.1796875,1246729.0
2020-04-10,,,,93491.8515625,1373083.0
2020-04-13,,,,89584.7265625,822081.0
2020-04-14,,,,90421.96875,720699.0
2020-04-16,,,,89956.828125,774801.0
2020-04-17,,,,90887.1015625,927758.0
2020-04-20,,,,92096.453125,948285.0
2020-04-21,,,,91631.3203125,1030411.0
2020-04-22,,,,89584.7265625,793730.0
2020-04-23,,,,92468.5546875,965584.0
2020-04-24,,,,90794.078125,654053.0
2020-04-27,,,,90794.078125,480036.0
2020-04-28,,,,89770.78125,691834.0
2020-04-29,,,,91445.265625,938988.0
2020-05-04,,,,89956.828125,878124.0
2020-05-06,,,,93026.71875,1498882.0
2020-05-07,,,,91817.3671875,708216.0
2020-05-08,,,,91724.34375,474028.0
2020-05-11,,,,90701.046875,492521.0
2020-05-12,,,,88747.4921875,678051.0
2020-05-13,,,,88840.515625,642001.0
2020-05-14,,,,87073.0078125,518046.0
2020-05-15,,,,87817.21875,507324.0
2020-05-18,,,,90049.8671875,598677.0
2020-05-19,,,,96282.65625,1821043.0
2020-05-20,,,,96282.65625,648604.0
2020-05-21,,,,99073.453125,1183254.0
2020-05-22,,,,96282.65625,725000.0
2020-05-25,,,,98608.3203125,595916.0
2020-05-26,,,,112562.328125,2892012.0
2020-05-27,,,,113957.7265625,2074718.0
2020-05-28,,,,109771.5234375,1128930.0
2020-05-29,,,,110236.6640625,778972.0
2020-06-01,,,,115353.125,701622.0
2020-06-02,,,,115353.125,570734.0
2020-06-03,,,,118609.0625,772588.0
2020-06-04,,,,116748.53125,876566.0
2020-06-05,,,,117678.8046875,574578.0
2020-06-08,,,,117678.8046875,730769.0
2020-06-09,,,,116748.53125,574459.0
2020-06-10,,,,115818.265625,445245.0
2020-06-11,,,,112097.1953125,1077725.0
2020-06-12,,,,106980.7265625,1218213.0
2020-06-15,,,,99073.453125,1168463.0
2020-06-16,,,,108376.125,1151950.0
2020-06-17,,,,117213.6640625,2552526.0
2020-06-18,,,,117213.6640625,1182329.0
2020-06-19,,,,117213.6640625,923930.0
2020-06-22,,,,116748.53125,657499.0
2020-06-23,,,,119074.203125,1114395.0
2020-06-24,,,,126981.46875,1852081.0
2020-06-25,,,,124655.8046875,1365444.0
2020-06-26,,,,126516.3359375,839089.0
2020-06-29,,,,120934.734375,1009086.0
2020-06-30,,,,121865.0,941660.0
2020-07-01,,,,120004.46875,627115.0
2020-07-02,,,,122330.1328125,612534.0
2020-07-03,,,,122795.265625,633784.0
2020-07-06,,,,126051.203125,726177.0
2020-07-07,,,,124190.671875,885233.0
2020-07-08,,,,124655.8046875,559986.0
2020-07-09,,,,125120.9296875,633379.0
2020-07-10,,,,121399.8671875,726741.0
2020-07-13,,,,121865.0,427691.0
2020-07-14,,,,119074.203125,544093.0
2020-07-15,,,,114888.0,983028.0
2020-07-16,,,,115818.265625,477963.0
2020-07-17,,,,115818.265625,312403.0
2020-07-20,,,,113957.7265625,490608.0
2020-07-21,,,,116283.3984375,479069.0
2020-07-22,,,,125586.0703125,2138084.0
2020-07-23,,,,122795.265625,1027404.0
2020-07-24,,,,122795.265625,500276.0
2020-07-27,,,,121865.0,608252.0
2020-07-28,,,,123725.53125,591442.0
2020-07-29,,,,121865.0,479955.0
2020-07-30,,,,118609.0625,704667.0
2020-07-31,,,,118143.9296875,692804.0
2020-08-03,,,,120469.6015625,783125.0
2020-08-04,,,,122795.265625,593269.0
2020-08-05,,,,147912.46875,6472736.0
2020-08-06,,,,152098.6875,4347981.0
2020-08-07,,,,171169.15625,6335489.0
2020-08-10,,,,173029.6875,3657896.0
2020-08-11,,,,173959.953125,1707093.0
2020-08-12,,,,169773.765625,1192229.0
2020-08-13,,,,169308.625,998677.0
2020-08-14,,,,160005.953125,1705698.0
2020-08-18,,,,149307.875,1799087.0
2020-08-19,,,,152563.8125,866334.0
2020-08-20,,,,144191.421875,1279259.0
2020-08-21,,,,144191.421875,1475532.0
2020-08-24,,,,141865.734375,1214250.0
2020-08-25,,,,152098.6875,1689965.0
2020-08-26,,,,152563.8125,1563118.0
2020-08-27,,,,144656.53125,1883027.0
2020-08-28,,,,146051.9375,1257762.0
2020-08-31,,,,134888.734375,2211708.0
2020-09-01,,,,138144.671875,975871.0
2020-09-02,,,,137679.546875,694829.0
2020-09-03,,,,140470.34375,771395.0
2020-09-04,,,,143261.140625,1691722.0
2020-09-07,,,,139074.9375,750998.0
2020-09-08,,,,137679.546875,676313.0
2020-09-09,,,,135819.0,952975.0
2020-09-10,,,,146982.21875,1880603.0
2020-09-11,,,,143261.140625,735957.0
2020-09-14,,,,146051.9375,990613.0
2020-09-15,,,,148377.609375,676219.0
2020-09-16,,,,145586.8125,565480.0
2020-09-17,,,,145121.671875,1264471.0
2020-09-18,,,,142330.875,699520.0
2020-09-21,,,,146517.078125,1151969.0
2020-09-22,,,,140470.34375,845763.0
2020-09-23,,,,137679.546875,728920.0
2020-09-24,,,,128842.0078125,921272.0
2020-09-25,,,,130702.5390625,548829.0
2020-09-28,,,,128376.8671875,714706.0
2020-09-29,,,,129307.140625,635354.0
2020-10-05,,,,131167.671875,528807.0
2020-10-06,,,,131167.671875,572204.0
2020-10-07,,,,133028.1875,348810.0
2020-10-08,,,,134423.609375,453387.0
2020-10-12,,,,138144.671875,495459.0
2020-10-13,,,,135353.875,349362.0
2020-10-14,,,,132563.078125,360704.0
2020-10-15,,,,131167.671875,250663.0
2020-10-16,,,,129307.140625,289421.0
2020-10-19,,,,126981.46875,305590.0
2020-10-20,,,,130702.5390625,376897.0
2020-10-21,,,,128842.0078125,328610.0
2020-10-22,,,,126981.46875,266757.0
2020-10-23,,,,126981.46875,211301.0
2020-10-26,,,,122330.1328125,511924.0
2020-10-27,,,,122330.1328125,406034.0
2020-10-28,,,,122330.1328125,256838.0
2020-10-29,,,,120469.6015625,463460.0
2020-10-30,,,,116748.53125,406817.0
2020-11-02,,,,113957.7265625,675722.0
2020-11-03,,,,122330.1328125,878292.0
2020-11-04,,,,122795.265625,629277.0
2020-11-05,,,,128376.8671875,1135753.0
2020-11-06,,,,131632.796875,771188.0
2020-11-09,,,,146051.9375,2216639.0
2020-11-10,,,,148842.75,1995586.0
2020-11-11,,,,144191.421875,917107.0
2020-11-12,,,,147447.34375,703847.0
2020-11-13,,,,145121.671875,563994.0
2020-11-16,,,,144656.53125,591154.0
2020-11-17,,,,148842.75,916943.0
2020-11-18,,,,145586.8125,633334.0
2020-11-19,,,,143261.140625,563608.0
2020-11-20,,,,143261.140625,393551.0
2020-11-23,,,,143261.140625,534162.0
2020-11-24,,,,148842.75,1328958.0
2020-11-25,,,,152098.6875,2307469.0
2020-11-26,,,,162796.75,2094943.0
2020-11-27,,,,166982.96875,2593923.0
2020-11-30,,,,160936.21875,1861373.0
2020-12-01,,,,169773.765625,1513454.0
2020-12-02,,,,169773.765625,1134905.0
2020-12-03,,,,167448.078125,923344.0
2020-12-04,,,,165122.421875,1156570.0
2020-12-07,,,,166052.6875,855091.0
2020-12-08,,,,163727.03125,733115.0
2020-12-09,,,,172099.421875,1920113.0
2020-12-10,,,,177215.890625,2329381.0
2020-12-11,,,,174890.234375,1339660.0
2020-12-14,,,,170238.890625,1097528.0
2020-12-15,,,,171634.296875,912204.0
2020-12-16,,,,175820.484375,761895.0
2020-12-17,,,,178611.28125,820898.0
2020-12-18,,,,175355.359375,575230.0
2020-12-21,,,,174425.09375,542271.0
2020-12-22,,,,169308.625,704417.0
2020-12-23,,,,167913.21875,620512.0
2020-12-24,,,,167913.21875,517381.0
2020-12-28,,,,165587.546875,675349.0
2020-12-29,,,,170238.890625,922406.0
2020-12-30,,,,176750.765625,1030500.0
2021-01-04,,,,214891.71875,4507655.0
2021-01-05,,,,226985.203125,3374367.0
2021-01-06,,,,239078.65625,4518255.0
2021-01-07,,,,244660.265625,2127042.0
2021-01-08,,,,263265.59375,3599328.0
2021-01-11,,,,273498.53125,4378983.0
2021-01-12,,,,264661.0,2480865.0
2021-01-13,,,,261405.078125,1737494.0
2021-01-14,,,,243730.0,2757464.0
2021-01-15,,,,244195.140625,1625633.0
2021-01-18,,,,234892.46875,1526311.0
2021-01-19,,,,251172.140625,2029031.0
2021-01-20,,,,255358.34375,1593583.0
2021-01-21,,,,256753.734375,1031584.0
2021-01-22,,,,258614.28125,1607700.0
2021-01-25,,,,266521.53125,1231807.0
2021-01-26,,,,267451.78125,1690904.0
2021-01-27,,,,261405.078125,1547170.0
2021-01-28,,,,257218.875,1244575.0
2021-01-29,,,,260474.796875,3189247.0
2021-02-01,,,,293964.4375,3535423.0
2021-02-02,,,,295359.8125,2556378.0
2021-02-03,,,,293964.4375,1802437.0
2021-02-04,,,,294894.6875,1407851.0
2021-02-05,,,,282801.1875,2889612.0
2021-02-08,,,,261870.203125,3077162.0
2021-02-09,,,,267916.9375,1885658.0
2021-02-10,,,,275824.21875,1682866.0
2021-02-15,,,,264195.875,4036108.0
2021-02-16,,,,264661.0,1410126.0
2021-02-17,,,,276289.34375,1996528.0
2021-02-18,,,,275359.09375,1300727.0
2021-02-19,,,,275359.09375,1048356.0
2021-02-22,,,,264195.875,1154596.0
2021-02-23,,,,264661.0,925757.0
2021-02-24,,,,247916.203125,1254394.0
2021-02-25,,,,251172.140625,1128184.0
2021-02-26,,,,242334.59375,1282612.0
2021-03-02,,,,246520.8125,980011.0
2021-03-03,,,,247451.0625,586642.0
2021-03-04,,,,245590.53125,591863.0
2021-03-05,,,,234427.328125,1405995.0
2021-03-08,,,,222798.984375,1101500.0
2021-03-09,,,,213961.453125,1564610.0
2021-03-10,,,,210240.375,936484.0
2021-03-11,,,,224659.515625,1237199.0
2021-03-12,,,,225589.796875,943609.0
2021-03-15,,,,212566.0625,1390364.0
2021-03-16,,,,200472.578125,2243494.0
2021-03-17,,,,200937.71875,1201382.0
2021-03-18,,,,199542.3125,899398.0
2021-03-19,,,,196751.5,1195399.0
2021-03-22,,,,190239.625,1505163.0
2021-03-23,,,,187913.96875,791390.0
2021-03-24,,,,190239.625,755467.0
2021-03-25,,,,193030.4375,1023129.0
2021-03-26,,,,194425.84375,491441.0
2021-03-29,,,,190704.765625,491746.0
2021-03-30,,,,207449.578125,1520134.0
2021-03-31,,,,203728.515625,881317.0
2021-04-01,,,,224659.515625,3778661.0
2021-04-02,,,,224659.515625,933135.0
2021-04-05,,,,216287.109375,759377.0
2021-04-06,,,,212566.0625,825273.0
2021-04-07,,,,216287.109375,783151.0
2021-04-08,,,,226520.0625,1184370.0
2021-04-09,,,,221403.578125,896032.0
2021-04-12,,,,247916.203125,4504565.0
2021-04-13,,,,257684.015625,2609752.0
2021-04-14,,,,257218.875,1092078.0
2021-04-15,,,,257218.875,703939.0
2021-04-16,,,,257218.875,572683.0
2021-04-19,,,,253032.671875,693517.0
2021-04-20,,,,249776.75,726047.0
2021-04-21,,,,245590.53125,613998.0
2021-04-22,,,,246055.671875,558024.0
2021-04-23,,,,251172.140625,885984.0
2021-04-26,,,,254428.078125,743627.0
2021-04-27,,,,260939.9375,1259555.0
2021-04-28,,,,251172.140625,832220.0
2021-04-29,,,,255823.46875,1283175.0
2021-04-30,,,,251637.28125,754115.0
2021-05-03,,,,237683.265625,1185023.0
2021-05-04,,,,254428.078125,1283811.0
2021-05-06,,,,261870.203125,1246889.0
2021-05-07,,,,263730.75,1024451.0
2021-05-10,,,,259544.5625,1193238.0
2021-05-11,,,,250241.859375,1040141.0
2021-05-12,,,,247916.203125,731200.0
2021-05-13,,,,240008.9375,1253727.0
2021-05-14,,,,250241.859375,933253.0
2021-05-17,,,,254893.21875,960047.0
2021-05-18,,,,258614.28125,733567.0
2021-05-20,,,,258614.28125,893771.0
2021-05-21,,,,260474.796875,1239573.0
2021-05-24,,,,252567.546875,934314.0
2021-05-25,,,,254428.078125,497723.0
2021-05-26,,,,254428.078125,945755.0
2021-05-27,,,,257684.015625,2077839.0
2021-05-28,,,,254893.21875,727792.0
2021-05-31,,,,246520.8125,1073604.0
2021-06-01,,,,245590.53125,594833.0
2021-06-02,,,,248381.34375,542298.0
2021-06-03,,,,253497.796875,579465.0
2021-06-04,,,,254428.078125,507306.0
2021-06-07,,,,255358.34375,411704.0
2021-06-08,,,,251172.140625,412300.0
2021-06-09,,,,255358.34375,792827.0
2021-06-10,,,,250707.0,772286.0
2021-06-11,,,,255358.34375,952803.0
2021-06-14,,,,258149.15625,388669.0
2021-06-15,,,,268382.0625,1505729.0
2021-06-16,,,,266056.375,693487.0
2021-06-17,,,,261870.203125,672847.0
2021-06-18,,,,257684.015625,834204.0
2021-06-21,,,,256288.609375,586226.0
2021-06-22,,,,256753.734375,376914.0
2021-06-23,,,,264195.875,1074719.0
2021-06-24,,,,273033.40625,2319736.0
2021-06-25,,,,269777.46875,770742.0
2021-06-28,,,,264195.875,539239.0
2021-06-29,,,,262800.46875,532577.0
2021-06-30,,,,274893.9375,1382964.0
2021-07-01,,,,250707.0,5751164.0
2021-07-02,,,,250707.0,2169055.0
2021-07-05,,,,251637.28125,809565.0
2021-07-06,,,,257684.015625,967792.0
2021-07-07,,,,253497.796875,613386.0
2021-07-08,,,,250241.859375,723371.0
2021-07-09,,,,253032.671875,770247.0
2021-07-12,,,,253032.671875,434138.0
2021-07-13,,,,253497.796875,522755.0
2021-07-14,,,,251637.28125,441999.0
2021-07-15,,,,248381.34375,600880.0
2021-07-16,,,,244195.140625,720961.0
2021-07-19,,,,240008.9375,504425.0
2021-07-20,,,,240939.203125,480486.0
2021-07-21,,,,240939.203125,435617.0
2021-07-22,,,,242334.59375,370002.0
2021-07-23,,,,244660.265625,283956.0
2021-07-26,,,,240008.9375,319274.0
2021-07-27,,,,240939.203125,452291.0
2021-07-28,,,,242334.59375,338006.0
2021-07-29,,,,240008.9375,389240.0
2021-07-30,,,,235357.609375,454166.0
2021-08-02,,,,238148.40625,403595.0
2021-08-03,,,,235357.609375,345461.0
2021-08-04,,,,226520.0625,2091037.0
2021-08-05,,,,221868.71875,1303653.0
2021-08-06,,,,223729.265625,619570.0
2021-08-09,,,,223729.265625,710895.0
2021-08-10,,,,225589.796875,502303.0
2021-08-11,,,,229310.859375,802469.0
2021-08-12,,,,225124.65625,758637.0
2021-08-13,,,,231171.390625,1149992.0
2021-08-17,,,,223264.125,704373.0
2021-08-18,,,,223729.265625,542175.0
2021-08-19,,,,213961.453125,667667.0
2021-08-20,,,,216752.25,657120.0
2021-08-23,,,,221403.578125,627370.0
2021-08-24,,,,221403.578125,524540.0
2021-08-25,,,,226054.921875,400855.0
2021-08-26,,,,221868.71875,257886.0
2021-08-27,,,,222798.984375,274459.0
2021-08-30,,,,223729.265625,276030.0
2021-08-31,,,,232101.671875,841527.0
2021-09-01,,,,227450.3125,341048.0
2021-09-02,,,,230241.125,474478.0
2021-09-03,,,,232566.796875,306677.0
2021-09-06,,,,232566.796875,223547.0
2021-09-07,,,,232101.671875,232694.0
2021-09-08,,,,233962.1875,462931.0
2021-09-09,,,,229776.0,549749.0
2021-09-10,,,,232566.796875,408537.0
2021-09-13,,,,232101.671875,483865.0
2021-09-14,,,,238148.40625,582032.0
2021-09-15,,,,230706.25,815113.0
2021-09-16,,,,220473.328125,964263.0
2021-09-17,,,,223264.125,597968.0
2021-09-23,,,,228380.59375,477712.0
2021-09-24,,,,231636.53125,420764.0
2021-09-27,,,,233962.1875,386730.0
2021-09-28,,,,242799.734375,1228932.0
2021-09-29,,,,246985.9375,1328314.0
2021-09-30,,,,246520.8125,610043.0
2021-10-01,,,,245125.40625,432283.0
2021-10-05,,,,246520.8125,636519.0
2021-10-06,,,,237683.265625,624607.0
2021-10-07,,,,234427.328125,567279.0
2021-10-08,,,,230706.25,367247.0
2021-10-12,,,,238613.53125,527882.0
2021-10-13,,,,240939.203125,324401.0
2021-10-14,,,,245125.40625,526318.0
2021-10-15,,,,240474.0625,369555.0
2021-10-18,,,,240939.203125,306652.0
2021-10-19,,,,238613.53125,303756.0
2021-10-20,,,,240008.9375,285164.0
2021-10-21,,,,239078.65625,279400.0
2021-10-22,,,,238613.53125,242719.0
2021-10-25,,,,238613.53125,329358.0
2021-10-26,,,,239078.65625,291626.0
2021-10-27,,,,233497.0625,225432.0
2021-10-28,,,,226520.0625,404925.0
2021-10-29,,,,225589.796875,445802.0
2021-11-01,,,,222798.984375,345056.0
2021-11-02,,,,231171.390625,449670.0
2021-11-03,,,,226520.0625,201835.0
2021-11-04,,,,222798.984375,346609.0
2021-11-05,,,,217217.390625,518110.0
2021-11-08,,,,217682.515625,323964.0
2021-11-09,,,,216287.109375,310802.0
2021-11-10,,,,208844.984375,410408.0
2021-11-11,,,,206984.453125,358637.0
2021-11-12,,,,210705.515625,334202.0
2021-11-15,,,,212566.0625,226773.0
2021-11-16,,,,213031.171875,241817.0
2021-11-17,,,,206984.453125,378584.0
2021-11-18,,,,203263.375,308624.0
2021-11-19,,,,201402.828125,290596.0
2021-11-22,,,,204193.65625,303665.0
2021-11-23,,,,204193.65625,277752.0
2021-11-24,,,,203728.515625,186700.0
2021-11-25,,,,204658.765625,273691.0
2021-11-26,,,,194425.84375,661827.0
2021-11-29,,,,190239.625,574742.0
2021-11-30,,,,180936.96875,825232.0
2021-12-01,,,,184658.03125,519466.0
2021-12-02,,,,189774.515625,359651.0
2021-12-03,,,,190239.625,233407.0
2021-12-06,,,,190239.625,250174.0
2021-12-07,,,,188844.234375,297989.0
2021-12-08,,,,193030.4375,573360.0
2021-12-09,,,,193495.5625,437476.0
2021-12-10,,,,202333.109375,753197.0
2021-12-13,,,,201402.828125,366619.0
2021-12-14,,,,196751.5,266455.0
2021-12-15,,,,195356.109375,213706.0
2021-12-16,,,,211635.78125,1337638.0
2021-12-17,,,,213961.453125,758240.0
2021-12-20,,,,202798.25,551683.0
2021-12-21,,,,200472.578125,362504.0
2021-12-22,,,,197681.78125,269310.0
2021-12-23,,,,201402.828125,259353.0
2021-12-24,,,,207914.703125,408589.0
2021-12-27,,,,208379.84375,336996.0
2021-12-28,,,,210240.375,458619.0
2021-12-29,,,,222333.875,719024.0
2021-12-30,,,,221868.734375,683364.0
2022-01-04,,,,235822.734375,775874.0
2022-01-05,,,,233497.078125,599740.0
2022-01-06,,,,230241.140625,564104.0
2022-01-07,,,,229776.015625,465426.0
2022-01-10,,,,228845.75,285549.0
2022-01-11,,,,224659.53125,479340.0
2022-01-12,,,,246055.6875,1442438.0
2022-01-13,,,,247916.21875,1094273.0
2022-01-14,,,,245125.421875,581826.0
2022-01-17,,,,246520.828125,491961.0
2022-01-18,,,,253032.6875,1129790.0
2022-01-19,,,,243264.890625,1110508.0
2022-01-20,,,,246985.953125,895173.0
2022-01-21,,,,234427.34375,1111122.0
2022-01-24,,,,230241.140625,560378.0
2022-01-25,,,,218147.671875,750950.0
2022-01-26,,,,218147.671875,0.0
2022-01-27,,,,200472.59375,1371101.0
2022-01-28,,,,200937.734375,1591305.0
2022-02-03,,,,203263.390625,700557.0
2022-02-04,,,,212100.9375,637315.0
2022-02-07,,,,210705.53125,531809.0
2022-02-08,,,,210705.53125,0.0
2022-02-09,,,,210705.53125,0.0
2022-02-10,,,,194890.984375,655607.0
2022-02-11,,,,192565.328125,434606.0
2022-02-14,,,,190239.640625,467150.0
2022-02-15,,,,186518.59375,355259.0
2022-02-16,,,,189309.390625,408038.0
2022-02-17,,,,196751.515625,758629.0
2022-02-18,,,,195821.25,279769.0
2022-02-21,,,,195821.25,0.0
2022-02-22,,,,195821.25,0.0
2022-02-23,,,,195821.25,0.0
2022-02-24,,,,181867.234375,662686.0
2022-02-25,,,,186983.71875,377849.0
2022-02-28,,,,186983.71875,0.0
2022-03-02,,,,193030.453125,468901.0
2022-03-03,,,,197681.796875,468081.0
2022-03-04,,,,197681.796875,0.0
2022-03-07,,,,191169.921875,555213.0
2022-03-08,,,,188379.109375,411588.0
2022-03-10,,,,188379.109375,0.0
2022-03-11,,,,188379.109375,0.0
2022-03-14,,,,181867.234375,477643.0
2022-03-15,,,,181867.234375,0.0
2022-03-16,,,,181867.234375,0.0
2022-03-17,,,,181867.234375,0.0
2022-03-18,,,,185588.3125,349160.0
2022-03-21,,,,185588.3125,0.0
2022-03-22,,,,197681.796875,464599.0
2022-03-23,,,,195821.25,427198.0
2022-03-24,,,,196751.515625,314942.0
2022-03-25,,,,191635.046875,532955.0
2022-03-28,,,,195356.125,329977.0
2022-03-29,,,,194890.984375,282805.0
2022-03-30,,,,196751.515625,269030.0
2022-03-31,,,,200007.453125,641049.0
2022-04-01,,,,200007.453125,316226.0
2022-04-04,,,,201867.984375,309355.0
2022-04-05,,,,200472.59375,273148.0
2022-04-06,,,,195356.125,370701.0
2022-04-07,,,,187448.84375,448919.0
2022-04-08,,,,192100.1875,313489.0
2022-04-11,,,,192100.1875,275265.0
2022-04-12,,,,186518.59375,297863.0
2022-04-13,,,,191635.046875,328691.0
2022-04-14,,,,194425.859375,407218.0
2022-04-15,,,,193030.453125,227100.0
2022-04-18,,,,200937.734375,590489.0
2022-04-19,,,,204658.78125,362301.0
2022-04-20,,,,202798.265625,285648.0
2022-04-21,,,,203728.53125,253002.0
2022-04-22,,,,202798.265625,269899.0
2022-04-25,,,,197681.796875,354465.0
2022-04-26,,,,200007.453125,280703.0
2022-04-27,,,,199077.1875,327144.0
2022-04-28,,,,200472.59375,262131.0
2022-04-29,,,,190704.78125,1453013.0
2022-05-02,,,,189309.390625,425816.0
2022-05-03,,,,188379.109375,322675.0
2022-05-04,,,,188379.109375,148416.0
2022-05-06,,,,188379.109375,365351.0
2022-05-10,,,,186983.71875,315105.0
2022-05-11,,,,186053.453125,197267.0
2022-05-12,,,,183262.65625,297217.0
2022-05-13,,,,192100.1875,378791.0
2022-05-16,,,,190704.78125,175430.0
2022-05-17,,,,193495.578125,212353.0
2022-05-18,,,,193495.578125,218147.0
2022-05-19,,,,189774.53125,222840.0
2022-05-20,,,,196286.390625,382688.0
2022-05-23,,,,194425.859375,231840.0
2022-05-24,,,,188379.109375,196493.0
2022-05-25,,,,190704.78125,173965.0
2022-05-26,,,,192565.328125,142293.0
2022-05-27,,,,196286.390625,277396.0
2022-05-30,,,,195356.125,177482.0
2022-05-31,,,,200472.59375,773225.0
2022-06-02,,,,200472.59375,245217.0
2022-06-03,,,,209775.265625,631431.0
2022-06-07,,,,220008.203125,1023214.0
2022-06-08,,,,223264.140625,778170.0
2022-06-09,,,,226985.21875,620810.0
2022-06-10,,,,226985.21875,361126.0
2022-06-13,,,,220938.46875,513109.0
2022-06-14,,,,214891.734375,518489.0
2022-06-15,,,,207449.59375,428073.0
2022-06-16,,,,199542.328125,602458.0
2022-06-17,,,,209775.265625,1066982.0
2022-06-20,,,,205123.921875,408442.0
2022-06-21,,,,204658.78125,401960.0
2022-06-22,,,,193960.71875,457271.0
2022-06-23,,,,185123.171875,455450.0
2022-06-24,,,,184192.921875,544338.0
2022-06-27,,,,184658.046875,608404.0
2022-06-28,,,,187448.84375,554466.0
2022-06-29,,,,186053.453125,367114.0
2022-06-30,,,,178611.296875,657237.0
2022-07-01,,,,165122.4375,907938.0
2022-07-04,,,,165122.4375,515733.0
2022-07-05,,,,167913.234375,478323.0
2022-07-06,,,,159075.6875,556556.0
2022-07-07,,,,159540.828125,387240.0
2022-07-08,,,,159540.828125,466023.0
2022-07-11,,,,156750.03125,370173.0
2022-07-12,,,,153494.09375,362330.0
2022-07-13,,,,154889.5,544263.0
2022-07-14,,,,160471.109375,605549.0
2022-07-15,,,,158610.5625,347518.0
2022-07-18,,,,160936.234375,259343.0
2022-07-19,,,,164657.296875,392127.0
2022-07-20,,,,166052.703125,270855.0
2022-07-21,,,,170238.90625,362948.0
2022-07-22,,,,166052.703125,308030.0
2022-07-25,,,,166982.984375,241055.0
2022-07-26,,,,170704.03125,388983.0
2022-07-27,,,,169773.78125,189275.0
2022-07-28,,,,169308.640625,344312.0
2022-07-29,,,,174425.109375,727070.0
2022-08-01,,,,173029.703125,279985.0
2022-08-02,,,,167448.09375,376746.0
2022-08-03,,,,172099.4375,282448.0
2022-08-04,,,,171634.3125,332510.0
2022-08-05,,,,172564.578125,274244.0
2022-08-08,,,,181867.234375,688189.0
2022-08-09,,,,181402.109375,449553.0
2022-08-10,,,,177681.046875,251005.0
2022-08-11,,,,184658.046875,399665.0
2022-08-12,,,,185588.3125,359237.0
2022-08-16,,,,189309.390625,648558.0
2022-08-17,,,,195356.125,632177.0
2022-08-18,,,,195821.25,323866.0
2022-08-19,,,,190239.640625,373224.0
2022-08-22,,,,190704.78125,314181.0
2022-08-23,,,,188379.109375,253060.0
2022-08-24,,,,190704.78125,441210.0
2022-08-25,,,,190704.78125,266827.0
2022-08-26,,,,189309.390625,293552.0
2022-08-29,,,,182797.515625,364313.0
2022-08-30,,,,182797.515625,286352.0
2022-08-31,,,,176750.78125,747827.0
2022-09-01,,,,166052.703125,1026600.0
2022-09-02,,,,168843.5,453191.0
2022-09-05,,,,173029.703125,456949.0
2022-09-06,,,,174425.109375,321931.0
2022-09-07,,,,171634.3125,253351.0
2022-09-08,,,,176285.640625,489782.0
2022-09-13,,,,179076.4375,389297.0
2022-09-14,,,,175820.5,327585.0
2022-09-15,,,,172099.4375,218795.0
2022-09-16,,,,165122.4375,430732.0
2022-09-19,,,,164192.171875,212213.0
2022-09-20,,,,166517.84375,284040.0
2022-09-21,,,,166052.703125,280836.0
2022-09-22,,,,163261.90625,364603.0
2022-09-23,,,,153028.953125,588265.0
2022-09-26,,,,147447.359375,463336.0
2022-09-27,,,,140470.359375,695266.0
2022-09-28,,,,138144.6875,420073.0
2022-09-29,,,,135819.015625,454806.0
2022-09-30,,,,133493.34375,343453.0
2022-10-04,,,,143261.15625,398223.0
2022-10-05,,,,145586.828125,463370.0
2022-10-06,,,,142330.890625,498546.0
2022-10-07,,,,147447.359375,537496.0
2022-10-11,,,,145121.6875,559544.0
2022-10-12,,,,146517.09375,311152.0
2022-10-13,,,,140935.5,381105.0
2022-10-14,,,,146051.953125,429666.0
2022-10-17,,,,145586.828125,224069.0
2022-10-18,,,,145586.828125,266136.0
2022-10-19,,,,152098.703125,563309.0
2022-10-20,,,,144191.4375,605241.0
2022-10-21,,,,145121.6875,234564.0
2022-10-24,,,,144191.4375,275763.0
2022-10-25,,,,143261.15625,267570.0
2022-10-26,,,,143261.15625,297190.0
2022-10-27,,,,158145.4375,1057048.0
2022-10-28,,,,156750.03125,553802.0
2022-10-31,,,,160936.234375,640703.0
2022-11-01,,,,169773.78125,1305777.0
2022-11-02,,,,170704.03125,1172958.0
2022-11-03,,,,176285.640625,1147883.0
2022-11-04,,,,165122.4375,1017542.0
2022-11-07,,,,168843.5,577111.0
2022-11-08,,,,172099.4375,601584.0
2022-11-09,,,,170238.90625,367457.0
2022-11-10,,,,168378.375,296813.0
2022-11-11,,,,169773.78125,591260.0
2022-11-14,,,,167448.09375,541116.0
2022-11-15,,,,165587.5625,388905.0
2022-11-16,,,,165122.4375,355728.0
2022-11-17,,,,159075.6875,424831.0
2022-11-18,,,,160471.109375,315494.0
2022-11-21,,,,158610.5625,376427.0
2022-11-22,,,,155819.75,207611.0
2022-11-23,,,,156750.03125,290292.0
2022-11-24,,,,157215.171875,308164.0
2022-11-25,,,,163261.90625,820827.0
2022-11-28,,,,162331.625,496285.0
2022-11-29,,,,162796.765625,303092.0
2022-11-30,,,,166517.84375,515634.0
2022-12-01,,,,165122.4375,480623.0
2022-12-02,,,,161866.5,303094.0
2022-12-05,,,,159540.828125,251937.0
2022-12-06,,,,158610.5625,293899.0
2022-12-07,,,,153028.953125,373914.0
2022-12-08,,,,152098.703125,359582.0
2022-12-09,,,,156750.03125,439204.0
2022-12-12,,,,156284.890625,265116.0
2022-12-13,,,,157680.296875,247386.0
2022-12-14,,,,158145.4375,158463.0
2022-12-15,,,,155819.75,201229.0
2022-12-16,,,,157680.296875,237913.0
2022-12-19,,,,156284.890625,141466.0
2022-12-20,,,,153494.09375,166701.0
2022-12-21,,,,153959.234375,138389.0
2022-12-22,,,,155819.75,256494.0
2022-12-23,,,,150238.15625,225437.0
2022-12-26,,,,149773.03125,169891.0
2022-12-27,,,,149773.03125,204580.0
2022-12-28,,,,150530.03125,324046.0
2022-12-29,,,,148125.390625,206211.0
2023-01-02,,,,149087.25,186127.0
2023-01-03,,,,144758.921875,354535.0
2023-01-04,,,,143797.0625,288040.0
2023-01-05,,,,142354.296875,256005.0
2023-01-06,,,,144758.921875,195371.0
2023-01-09,,,,146682.625,295988.0
2023-01-10,,,,142835.203125,551711.0
2023-01-11,,,,147644.46875,418478.0
2023-01-12,,,,151010.96875,373232.0
2023-01-13,,,,153896.515625,330798.0
2023-01-16,,,,151491.890625,373165.0
2023-01-17,,,,149568.1875,254132.0
2023-01-18,,,,148125.390625,274954.0
2023-01-19,,,,148606.328125,189544.0
2023-01-20,,,,150530.03125,168782.0
2023-01-25,,,,155339.296875,1667.0
2023-01-26,,,,158128.671875,2463.0
2023-01-27,,,,163034.125,1023.0
2023-01-30,,,,163034.125,1596.0
2023-01-31,,,,155916.40625,556.0
2023-02-01,,,,164092.15625,3697.0
2023-02-02,,,,166400.625,973.0
2023-02-03,,,,164669.28125,1552.0
2023-02-06,,,,165438.765625,3398.0
2023-02-07,,,,156397.34375,14977.0
2023-02-08,,,,158801.984375,2940.0
2023-02-09,,,,158801.984375,4178.0
2023-02-10,,,,162360.84375,2764.0
2023-02-13,,,,162649.390625,2358.0
2023-02-14,,,,161110.421875,1714.0
2023-02-15,,,,149087.25,12260.0
2023-02-16,,,,153896.515625,8212.0
2023-02-17,,,,154185.078125,5377.0
2023-02-20,,,,152549.9375,3072.0
2023-02-21,,,,155820.234375,6792.0
2023-02-22,,,,152742.296875,1658.0
2023-02-23,,,,150530.03125,3404.0
2023-02-24,,,,149183.4375,2504.0
2023-02-27,,,,146105.5,475932.0
2023-02-28,,,,144374.171875,610555.0
2023-03-02,,,,154377.453125,1104989.0
2023-03-03,,,,154666.0,645950.0
2023-03-06,,,,161591.359375,1192821.0
2023-03-07,,,,170055.65625,1712860.0
2023-03-08,,,,164380.734375,801786.0
2023-03-09,,,,158609.609375,1277727.0
2023-03-10,,,,166881.53125,1223625.0
2023-03-13,,,,169382.359375,751643.0
2023-03-14,,,,163515.046875,571996.0
2023-03-15,,,,158898.15625,860126.0
2023-03-16,,,,157263.0,605233.0
2023-03-17,,,,156012.59375,575649.0
2023-03-20,,,,152357.5625,606896.0
2023-03-21,,,,150722.40625,554537.0
2023-03-22,,,,154666.0,715363.0
2023-03-23,,,,153127.03125,609784.0
2023-03-24,,,,153511.78125,546706.0
2023-03-27,,,,160437.125,1108448.0
2023-03-28,,,,156974.453125,757906.0
2023-03-29,,,,158224.859375,498788.0
2023-03-30,,,,180058.9375,6229294.0
2023-03-31,,,,172460.28125,1987535.0
2023-04-03,,,,173133.578125,1208098.0
2023-04-04,,,,174287.8125,1483668.0
2023-04-05,,,,172267.921875,766392.0
2023-04-06,,,,169478.546875,903352.0
2023-04-07,,,,176500.0625,1745849.0
2023-04-10,,,,190158.375,2374111.0
2023-04-11,,,,195256.21875,1639740.0
2023-04-12,,,,185830.046875,1408023.0
2023-04-13,,,,184387.28125,942696.0
2023-04-14,,,,183136.859375,684420.0
2023-04-17,,,,186118.59375,984886.0
2023-04-18,,,,180828.421875,1104094.0
2023-04-19,,,,180347.484375,550527.0
2023-04-20,,,,178327.59375,479380.0
2023-04-21,,,,175057.296875,728314.0
2023-04-24,,,,172267.921875,441567.0
2023-04-25,,,,168420.515625,721679.0
2023-04-26,,,,170728.953125,516519.0
2023-04-27,,,,171787.0,525982.0
2023-04-28,,,,166496.796875,773251.0
2023-05-02,,,,173037.40625,706448.0
2023-05-03,,,,169093.796875,405943.0
2023-05-04,,,,172171.734375,799805.0
2023-05-08,,,,177942.84375,1572971.0
2023-05-09,,,,181790.265625,910271.0
2023-05-10,,,,173422.140625,695679.0
2023-05-11,,,,171402.25,460919.0
2023-05-12,,,,170344.203125,304954.0
2023-05-15,,,,169286.171875,319164.0
2023-05-16,,,,170248.03125,307015.0
2023-05-17,,,,175153.46875,414050.0
2023-05-18,,,,175442.03125,279758.0
2023-05-19,,,,170825.140625,494517.0
2023-05-22,,,,173806.890625,375494.0
2023-05-23,,,,176981.0,636222.0
2023-05-24,,,,176788.640625,304260.0
2023-05-25,,,,178616.15625,609466.0
2023-05-26,,,,175826.78125,319478.0
2023-05-30,,,,184579.640625,1055914.0
2023-05-31,,,,181886.453125,694333.0
2023-06-01,,,,186695.71875,674706.0
2023-06-02,,,,190446.953125,723291.0
2023-06-05,,,,192082.09375,461836.0
2023-06-07,,,,198622.703125,759252.0
2023-06-08,,,,190543.125,884763.0
2023-06-09,,,,192851.578125,528681.0
2023-06-12,,,,193332.5,390873.0
2023-06-13,,,,191985.921875,632570.0
2023-06-14,,,,185541.484375,880360.0
2023-06-15,,,,183617.796875,663359.0
2023-06-16,,,,181020.78125,666788.0
2023-06-19,,,,181309.328125,451278.0
2023-06-20,,,,177077.1875,644620.0
2023-06-21,,,,174768.75,512104.0
2023-06-22,,,,175826.78125,399475.0
2023-06-23,,,,175634.40625,759399.0
2023-06-26,,,,164957.84375,1968454.0
2023-06-27,,,,160918.046875,878173.0
2023-06-28,,,,154569.828125,1003390.0
2023-06-29,,,,151972.828125,605559.0
2023-06-30,,,,152453.734375,455425.0
2023-07-03,,,,157263.0,723433.0
2023-07-04,,,,160340.9375,830613.0
2023-07-05,,,,160918.046875,603248.0
2023-07-06,,,,159571.46875,489417.0
2023-07-07,,,,159667.640625,468154.0
2023-07-10,,,,156878.265625,547636.0
2023-07-11,,,,158224.859375,458195.0
2023-07-12,,,,159667.640625,445607.0
2023-07-13,,,,159090.53125,676786.0
2023-07-14,,,,157455.375,580493.0
2023-07-17,,,,157743.921875,566381.0
2023-07-18,,,,163995.984375,1266744.0
2023-07-19,,,,163034.125,705963.0
2023-07-20,,,,167073.90625,1871514.0
2023-07-21,,,,169959.484375,800936.0
2023-07-24,,,,189004.171875,3578125.0
2023-07-25,,,,197660.84375,2002240.0
2023-07-26,,,,196698.984375,4712591.0
2023-07-27,,,,179866.5625,2273219.0
2023-07-28,,,,182271.1875,1413819.0
2023-07-31,,,,207760.296875,2530347.0
2023-08-01,,,,199584.5625,1870353.0
2023-08-02,,,,191793.546875,1061068.0
2023-08-03,,,,202825.625,1262378.0
2023-08-04,,,,199387.90625,697439.0
2023-08-07,,,,188976.515625,944265.0
2023-08-08,,,,187896.078125,712657.0
2023-08-09,,,,187404.984375,489700.0
2023-08-10,,,,187110.3125,664665.0
2023-08-11,,,,187110.3125,402075.0
2023-08-14,,,,180922.421875,523143.0
2023-08-16,,,,176207.828125,556181.0
2023-08-17,,,,176306.046875,517933.0
2023-08-18,,,,171002.140625,483311.0
2023-08-21,,,,172868.328125,337177.0
2023-08-22,,,,173850.53125,370166.0
2023-08-23,,,,170412.8125,321459.0
2023-08-24,,,,171100.359375,359210.0
2023-08-25,,,,169921.703125,356577.0
2023-08-28,,,,174145.203125,333116.0
2023-08-29,,,,172868.328125,289573.0
2023-08-30,,,,176797.15625,378932.0
2023-08-31,,,,174341.640625,494683.0
2023-09-01,,,,172868.328125,348063.0
2023-09-04,,,,176306.046875,334792.0
2023-09-05,,,,175618.5,255867.0
2023-09-06,,,,171395.015625,557968.0
2023-09-07,,,,169627.046875,424496.0
2023-09-08,,,,167957.296875,382789.0
2023-09-11,,,,164912.453125,408346.0
2023-09-12,,,,164028.46875,409015.0
2023-09-13,,,,157054.796875,824011.0
2023-09-14,,,,159313.875,724448.0
2023-09-15,,,,156760.140625,1236868.0
2023-09-18,,,,161671.171875,1106747.0
2023-09-19,,,,161278.296875,676735.0
2023-09-20,,,,161474.734375,339998.0
2023-09-21,,,,156170.8125,534748.0
2023-09-22,,,,155286.828125,371658.0
2023-09-25,,,,152438.4375,392219.0
2023-09-26,,,,146938.078125,1000496.0
2023-09-27,,,,146152.3125,818037.0
2023-10-04,,,,138589.328125,831394.0
2023-10-05,,,,137017.796875,823095.0
2023-10-06,,,,136232.03125,607325.0
2023-10-10,,,,133874.734375,886919.0
2023-10-11,,,,140259.078125,699986.0
2023-10-12,,,,144187.90625,885280.0
2023-10-13,,,,144482.5625,353932.0
2023-10-16,,,,146348.75,553977.0
2023-10-17,,,,146938.078125,489167.0
2023-10-18,,,,144580.78125,489900.0
2023-10-19,,,,141437.71875,459948.0
2023-10-20,,,,138491.109375,428892.0
2023-10-23,,,,137803.5625,398644.0
2023-10-24,,,,138491.109375,586719.0
2023-10-25,,,,130633.453125,769100.0
2023-10-26,,,,122481.140625,1013987.0
2023-10-27,,,,122088.2578125,795838.0
2023-10-30,,,,123659.7890625,511164.0
2023-10-31,,,,120025.625,543855.0
2023-11-01,,,,118257.6484375,486450.0
2023-11-02,,,,125329.5390625,750765.0
2023-11-03,,,,134660.5,2182595.0
2023-11-06,,,,152733.09375,2562784.0
2023-11-07,,,,141928.828125,1494573.0
2023-11-08,,,,136526.6875,774289.0
2023-11-09,,,,133580.078125,566872.0
2023-11-10,,,,128963.703125,427428.0
2023-11-13,,,,128669.0390625,371436.0
2023-11-14,,,,131910.3125,497182.0
2023-11-15,,,,137214.234375,599931.0
2023-11-16,,,,136330.25,354823.0
2023-11-17,,,,133678.296875,316282.0
2023-11-20,,,,138098.21875,339299.0
2023-11-21,,,,139669.75,341776.0
2023-11-22,,,,139767.96875,210744.0
2023-11-23,,,,140160.859375,201099.0
2023-11-24,,,,138982.203125,181347.0
2023-11-27,,,,137508.890625,195480.0
2023-11-28,,,,138785.765625,226814.0
2023-11-29,,,,139767.96875,261047.0
2023-11-30,,,,140553.734375,325130.0
2023-12-01,,,,132008.546875,922667.0
2023-12-04,,,,133383.625,419669.0
2023-12-05,,,,132794.3125,249212.0
2023-12-06,,,,132401.421875,207571.0
2023-12-07,,,,131713.875,252362.0
2023-12-08,,,,133187.1875,259473.0
2023-12-11,,,,132401.421875,221307.0
2023-12-12,,,,131222.78125,361459.0
2023-12-13,,,,128767.2578125,359670.0
2023-12-14,,,,135151.59375,772706.0
2023-12-15,,,,136133.8125,534013.0
2023-12-18,,,,135053.375,304078.0
2023-12-19,,,,136330.25,253389.0
2023-12-20,,,,137116.015625,389389.0
2023-12-21,,,,135446.265625,254701.0
2023-12-22,,,,136330.25,259761.0
2023-12-26,,,,135348.046875,310798.0
2023-12-27,,,,136624.90625,293588.0
2023-12-28,,,,137803.5625,325192.0
2024-01-02,,,,137705.34375,286766.0
2024-01-03,,,,131910.3125,514164.0
2024-01-04,,,,131321.0,297763.0
2024-01-05,,,,131124.5625,250665.0
2024-01-08,,,,129651.2421875,271273.0
2024-01-09,,,,129258.359375,263994.0
2024-01-10,,,,126606.40625,359356.0
2024-01-11,,,,124445.5546875,574183.0
2024-01-12,,,,122382.9140625,377304.0
2024-01-15,,,,121204.2734375,53616.0
2024-01-16,,,,120222.0625,244219.0
2024-01-17,,,,115802.1328125,567740.0
2024-01-18,,,,114525.265625,397572.0
2024-01-19,,,,111578.6484375,620539.0
2024-01-22,,,,106372.953125,778932.0
2024-01-23,,,,107846.265625,457394.0
2024-01-24,,,,110105.3359375,505801.0
2024-01-25,,,,110105.3359375,347207.0
2024-01-26,,,,113739.5,463460.0
2024-01-29,,,,118159.4296875,417349.0
2024-01-30,,,,114721.7109375,391765.0
2024-01-31,,,,115016.3671875,267405.0
2024-02-01,,,,119043.4140625,353237.0
2024-02-02,,,,122186.4765625,395620.0
2024-02-05,,,,124838.4375,567422.0
2024-02-06,,,,118650.53125,1101077.0
2024-02-07,,,,118846.9765625,663618.0
2024-02-08,,,,118846.9765625,424162.0
2024-02-13,,,,120713.1640625,381580.0
2024-02-14,,,,119927.3984375,250400.0
2024-02-15,,,,119927.3984375,214590.0
2024-02-16,,,,124838.4375,490180.0
2024-02-19,,,,126606.40625,509358.0
2024-02-20,,,,123758.0078125,363614.0
2024-02-21,,,,121891.8125,301311.0
2024-02-22,,,,121302.4921875,214849.0
2024-02-23,,,,121007.828125,248423.0
2024-02-26,,,,118650.53125,319428.0
2024-02-27,,,,116489.6796875,299483.0
2024-02-28,,,,117471.8828125,275426.0
2024-02-29,,,,115016.3671875,539100.0
2024-03-04,,,,114918.1484375,338468.0
2024-03-05,,,,115311.03125,389662.0
2024-03-06,,,,113641.28125,352436.0
2024-03-07,,,,116686.1171875,489113.0
2024-03-08,,,,116882.5625,320682.0
2024-03-11,,,,116489.6796875,192984.0
2024-03-12,,,,118748.7578125,380181.0
2024-03-13,,,,117668.328125,409170.0
2024-03-14,,,,118552.3125,654907.0
2024-03-15,,,,117864.765625,362679.0
2024-03-18,,,,123365.125,773227.0
2024-03-19,,,,122874.0234375,627338.0
2024-03-20,,,,117570.109375,757266.0
2024-03-21,,,,117864.765625,451396.0
2024-03-22,,,,117864.765625,396268.0
2024-03-25,,,,118846.9765625,341937.0
2024-03-26,,,,118454.09375,362055.0
2024-03-27,,,,118552.3125,242007.0
2024-03-28,,,,116293.234375,439918.0
2024-03-29,,,,113935.9453125,444662.0
2024-04-01,,,,115311.03125,260572.0
2024-04-02,,,,119632.7421875,512554.0
2024-04-03,,,,115311.03125,798593.0
2024-04-04,,,,117766.546875,347444.0
2024-04-05,,,,115998.578125,359226.0
2024-04-08,,,,116686.1171875,485400.0
2024-04-09,,,,115409.25,349338.0
2024-04-11,,,,108632.03125,852391.0
2024-04-12,,,,106471.171875,439283.0
2024-04-15,,,,103426.3359375,490834.0
2024-04-16,,,,101953.0234375,336311.0
2024-04-17,,,,102935.234375,351798.0
2024-04-18,,,,104310.3203125,226720.0
2024-04-19,,,,101953.0234375,345437.0
2024-04-22,,,,108632.03125,440984.0
2024-04-23,,,,106471.171875,187000.0
2024-04-24,,,,108042.703125,322770.0
2024-04-25,,,,105587.1875,207953.0
2024-04-26,,,,104801.421875,247709.0
2024-04-29,,,,110694.6640625,548435.0
2024-04-30,,,,109123.1328125,545936.0
2024-05-02,,,,107060.5,223560.0
2024-05-03,,,,107649.8203125,160242.0
2024-05-07,,,,110203.5546875,254931.0
2024-05-08,,,,110989.3203125,210373.0
2024-05-09,,,,109417.796875,336743.0
2024-05-10,,,,109221.3515625,163644.0
2024-05-13,,,,108828.46875,160093.0
2024-05-14,,,,108435.5859375,174816.0
2024-05-16,,,,107748.0390625,307111.0
2024-05-17,,,,105783.6328125,237202.0
2024-05-20,,,,106176.515625,177298.0
2024-05-21,,,,103819.21875,256072.0
2024-05-22,,,,103524.5546875,253684.0
2024-05-23,,,,102345.90625,233166.0
2024-05-24,,,,99890.390625,453820.0
2024-05-27,,,,103229.890625,297670.0
2024-05-28,,,,103131.671875,163498.0
2024-05-29,,,,100283.2734375,324736.0
2024-05-30,,,,100381.4921875,361181.0
2024-05-31,,,,98220.640625,908750.0
2024-06-03,,,,104408.5390625,1320915.0
2024-06-04,,,,102444.125,409559.0
2024-06-05,,,,101756.5859375,474895.0
2024-06-07,,,,101953.0234375,315977.0
2024-06-10,,,,99497.5078125,384598.0
2024-06-11,,,,101756.5859375,440537.0
2024-06-12,,,,102345.90625,376204.0
2024-06-13,,,,103229.890625,524507.0
2024-06-14,,,,109908.8984375,922260.0
2024-06-17,,,,106864.0546875,760092.0
2024-06-18,,,,101265.4765625,718167.0
2024-06-19,,,,102837.0078125,410996.0
2024-06-20,,,,118846.9765625,8538298.0
2024-06-21,,,,112069.75,3189193.0
2024-06-24,,,,106471.171875,1063080.0
2024-06-25,,,,105096.0859375,807974.0
2024-06-26,,,,107060.5,744436.0
2024-06-27,,,,107158.71875,502857.0
2024-06-28,,,,114034.1640625,1776299.0
2024-07-01,,,,113248.3984375,637244.0
2024-07-02,,,,109908.8984375,488125.0
2024-07-03,,,,112069.75,514254.0
2024-07-04,,,,112462.6328125,370544.0
2024-07-05,,,,110498.21875,427507.0
2024-07-08,,,,109614.234375,276437.0
2024-07-09,,,,110498.21875,370176.0
2024-07-10,,,,106372.953125,594149.0
2024-07-11,,,,105194.3046875,736233.0
2024-07-12,,,,106176.515625,856757.0
2024-07-15,,,,106078.2890625,525950.0
2024-07-16,,,,111283.984375,1125893.0
2024-07-17,,,,117570.109375,3688143.0
2024-07-18,,,,113837.71875,3252847.0
2024-07-19,,,,110007.1171875,1040654.0
2024-07-22,,,,105685.40625,601853.0
2024-07-23,,,,104604.984375,440711.0
2024-07-24,,,,103131.671875,472268.0
2024-07-25,,,,103819.21875,385004.0
2024-07-26,,,,102935.234375,245877.0
2024-07-29,,,,103131.671875,196098.0
2024-07-30,,,,102444.125,239385.0
2024-07-31,,,,102345.90625,229456.0
2024-08-01,,,,105292.5234375,422189.0
2024-08-02,,,,102444.125,405083.0
2024-08-05,,,,91148.7578125,826809.0
2024-08-06,,,,98024.1953125,569930.0
2024-08-07,,,,96256.2265625,313521.0
2024-08-08,,,,95961.5625,376215.0
2024-08-09,,,,99202.84375,389385.0
2024-08-12,,,,100185.0546875,126037.0
2024-08-13,,,,100970.8203125,159544.0
2024-08-14,,,,101560.140625,290029.0
2024-08-16,,,,100479.71875,218375.0
2024-08-19,,,,98417.078125,237770.0
2024-08-20,,,,100577.9375,231019.0
2024-08-21,,,,101953.0234375,241868.0
2024-08-22,,,,104310.3203125,553862.0
2024-08-23,,,,103524.5546875,230527.0
2024-08-26,,,,104604.984375,234571.0
2024-08-27,,,,107846.265625,1128567.0
2024-08-28,,,,104899.640625,339678.0
2024-08-29,,,,105980.0703125,258221.0
2024-08-30,,,,108042.703125,314106.0
2024-09-02,,,,108435.5859375,476402.0
2024-09-03,,,,106962.28125,220823.0
2024-09-04,,,,105096.0859375,263533.0
2024-09-05,,,,105488.96875,173115.0
2024-09-06,,,,105292.5234375,274679.0
2024-09-09,,,,106176.515625,185015.0
2024-09-10,,,,107748.0390625,240227.0
2024-09-11,,,,108926.6875,400198.0
2024-09-12,,,,109417.796875,351365.0
2024-09-13,,,,108730.25,357010.0
2024-09-19,,,,110694.6640625,323198.0
2024-09-20,,,,109024.9140625,372695.0
2024-09-23,,,,112757.296875,350520.0
2024-09-24,,,,120025.625,1085841.0
2024-09-25,,,,119141.640625,467453.0
2024-09-26,,,,118454.09375,323421.0
2024-09-27,,,,116587.8984375,291803.0
2024-09-30,,,,115016.3671875,251746.0
2024-10-02,,,,114034.1640625,225824.0
2024-10-04,,,,114132.3828125,228653.0
2024-10-07,,,,116195.015625,250708.0
2024-10-08,,,,116293.234375,212206.0
2024-10-10,,,,120811.390625,788299.0
2024-10-11,,,,116391.4609375,347427.0
2024-10-14,,,,116391.4609375,208900.0
2024-10-15,,,,113837.71875,366357.0
2024-10-16,,,,109417.796875,406571.0
2024-10-17,,,,110105.3359375,161367.0
2024-10-18,,,,110105.3359375,152052.0
2024-10-21,,,,112364.4140625,197673.0
2024-10-22,,,,110400.0,184232.0
2024-10-23,,,,114132.3828125,188878.0
2024-10-24,,,,113248.3984375,196386.0
2024-10-25,,,,112364.4140625,146624.0
2024-10-28,,,,119239.859375,405337.0
2024-10-29,,,,118257.6484375,164204.0
2024-10-30,,,,116686.1171875,161519.0
2024-10-31,,,,115311.03125,172486.0
2024-11-01,,,,119632.7421875,567185.0
2024-11-04,,,,118945.1953125,352460.0
2024-11-05,,,,116489.6796875,287434.0
2024-11-06,,,,111087.546875,386644.0
2024-11-07,,,,111087.546875,448578.0
2024-11-08,,,,109123.1328125,197921.0
2024-11-11,,,,106569.3984375,173377.0
2024-11-12,,,,104604.984375,209967.0
2024-11-13,,,,102345.90625,226739.0
2024-11-14,,,,100872.6015625,323469.0
2024-11-15,,,,94390.0390625,723668.0
2024-11-18,,,,100086.8359375,336466.0
2024-11-19,,,,110400.0,721144.0
2024-11-20,,,,111185.765625,425877.0
2024-11-21,,,,116784.34375,570143.0
2024-11-22,,,,115507.4765625,367728.0
2024-11-25,,,,117471.8828125,459173.0
2024-11-26,,,,116784.34375,234633.0
2024-11-27,,,,113444.8359375,232787.0
2024-11-28,,,,115409.25,211312.0
2024-11-29,,,,112560.8515625,229589.0
2024-12-02,,,,111480.4296875,185130.0
2024-12-03,,,,115507.4765625,192774.0
2024-12-04,,,,111087.546875,291048.0
2024-12-05,,,,109319.5703125,151041.0
2024-12-06,,,,112167.96875,298322.0
2024-12-09,,,,107158.71875,305943.0
2024-12-10,,,,116195.015625,368253.0
2024-12-11,,,,116489.6796875,177017.0
2024-12-12,,,,115605.6953125,359030.0
2024-12-13,,,,118355.875,318501.0
2024-12-16,,,,119239.859375,290433.0
2024-12-17,,,,117079.0,348803.0
2024-12-18,,,,116882.5625,190616.0
2024-12-19,,,,113051.9609375,194424.0
2024-12-20,,,,114230.6015625,245554.0
2024-12-23,,,,113051.9609375,184254.0
2024-12-24,,,,110792.8828125,122728.0
2024-12-26,,,,110498.21875,153062.0
2024-12-27,,,,109024.9140625,138924.0
2024-12-30,,,,110007.1171875,126051.0
2025-01-02,,,,109024.9140625,114727.0
2025-01-03,,,,116882.5625,354105.0
2025-01-06,,,,116882.5625,182514.0
2025-01-07,,,,120418.5078125,492606.0
2025-01-08,,,,121597.15625,406507.0
2025-01-09,,,,125231.3203125,1373828.0
2025-01-10,,,,122481.140625,447558.0
2025-01-13,,,,123266.90625,275869.0
2025-01-14,,,,124936.65625,267356.0
2025-01-15,,,,122874.0234375,209376.0
2025-01-16,,,,125329.5390625,208716.0
2025-01-17,,,,126508.1875,298005.0
2025-01-20,,,,127097.5078125,233023.0
2025-01-21,,,,122382.9140625,277474.0
2025-01-22,,,,125624.1953125,233401.0
2025-01-23,,,,124838.4375,168921.0
2025-01-24,,,,124838.4375,143727.0
2025-01-31,,,,125231.3203125,176246.0
2025-02-03,,,,118748.7578125,234451.0
2025-02-04,,,,121204.2734375,195019.0
2025-02-05,,,,123561.5625,155635.0
2025-02-06,,,,122284.6953125,180135.0
2025-02-07,,,,118945.1953125,136542.0
2025-02-10,,,,119927.3984375,185265.0
2025-02-11,,,,118748.7578125,191701.0
2025-02-12,,,,119730.9609375,157638.0
2025-02-13,,,,122088.2578125,393847.0
2025-02-14,,,,119829.1796875,158652.0
2025-02-17,,,,126213.5234375,331331.0
2025-02-18,,,,126508.1875,207974.0
2025-02-19,,,,127686.8359375,248643.0
2025-02-20,,,,129061.921875,341348.0
2025-02-21,,,,130044.125,243030.0
2025-02-24,,,,131517.4375,247440.0
2025-02-25,,,,126508.1875,227745.0
2025-02-26,,,,128472.6015625,178693.0
2025-02-27,,,,129749.46875,251609.0
2025-02-28,,,,123463.34375,814483.0
2025-03-04,,,,121990.0390625,197545.0
2025-03-05,,,,124445.5546875,168056.0
2025-03-06,,,,124249.109375,196054.0
2025-03-07,,,,125722.421875,181312.0
2025-03-10,,,,133285.40625,886360.0
2025-03-11,,,,132008.546875,373162.0
2025-03-12,,,,136133.8125,390033.0
2025-03-13,,,,136723.125,1044354.0
2025-03-14,,,,129651.2421875,331659.0
2025-03-17,,,,123954.4453125,369244.0
2025-03-18,,,,123856.2265625,181875.0
2025-03-19,,,,122382.9140625,316698.0
2025-03-20,,,,122972.2421875,616815.0
2025-03-21,,,,121204.2734375,353512.0
2025-03-24,,,,123266.90625,203566.0
2025-03-25,,,,121891.8125,135819.0
2025-03-26,,,,123758.0078125,132217.0
2025-03-27,,,,119730.9609375,142172.0
2025-03-28,,,,118846.9765625,134770.0
2025-03-31,,,,110400.0,322282.0
2025-04-01,,,,110100.0,305814.0
2025-04-02,,,,106200.0,462467.0
2025-04-03,,,,102700.0,406025.0
2025-04-04,,,,105300.0,398913.0
2025-04-07,,,,97700.0,454319.0
2025-04-08,,,,96900.0,372704.0
2025-04-09,,,,92700.0,393993.0
2025-04-10,,,,102200.0,706492.0
2025-04-11,,,,97300.0,429483.0
2025-04-14,,,,97800.0,239010.0
2025-04-15,,,,97700.0,153910.0
2025-04-16,,,,94100.0,319004.0
2025-04-17,,,,93600.0,318905.0
2025-04-18,,,,93600.0,203280.0
2025-04-21,,,,92600.0,203372.0
2025-04-22,,,,92100.0,148051.0
2025-04-23,,,,95700.0,278213.0
2025-04-24,,,,94900.0,183307.0
2025-04-25,,,,95500.0,208145.0
2025-04-28,,,,95900.0,168590.0
2025-04-29,,,,96800.0,261682.0
2025-04-30,,,,94400.0,306828.0
2025-05-02,,,,93400.0,204897.0
2025-05-07,,,,93000.0,197243.0
2025-05-08,,,,93500.0,309396.0
2025-05-09,,,,90800.0,347760.0
2025-05-12,,,,92600.0,222864.0
2025-05-13,,,,90200.0,357856.0
2025-05-14,,,,89800.0,277731.0
2025-05-15,,,,88400.0,290782.0
2025-05-16,,,,87400.0,210981.0
2025-05-19,,,,87700.0,231502.0
2025-05-20,,,,84500.0,372257.0
2025-05-21,,,,84300.0,203670.0
2025-05-22,,,,84600.0,332109.0
2025-05-23,,,,81100.0,350742.0
2025-05-26,,,,83500.0,333449.0
2025-05-27,,,,82000.0,193784.0
2025-05-28,,,,86800.0,440917.0
2025-05-29,,,,89800.0,504385.0
2025-05-30,,,,89500.0,662965.0
2025-06-02,,,,87700.0,343665.0
2025-06-04,,,,90900.0,377011.0
2025-06-05,,,,92100.0,319259.0
2025-06-09,,,,93300.0,445001.0
2025-06-10,,,,94300.0,350643.0
2025-06-11,,,,94200.0,456110.0
2025-06-12,,,,95500.0,558444.0
2025-06-13,,,,92600.0,985684.0
2025-06-16,,,,92300.0,587343.0
2025-06-17,,,,91100.0,465446.0
2025-06-18,,,,101100.0,1366798.0
2025-06-19,,,,100800.0,544624.0
2025-06-20,,,,102400.0,598998.0
2025-06-23,,,,102800.0,945612.0
2025-06-24,,,,101800.0,516935.0
2025-06-25,,,,101000.0,330462.0
2025-06-26,,,,100300.0,255238.0
2025-06-27,,,,97800.0,239336.0
2025-06-30,,,,122400.0,3309175.0
2025-07-01,,,,126500.0,2133522.0
2025-07-02,,,,117700.0,1229445.0
2025-07-03,,,,119300.0,699144.0
2025-07-04,,,,115200.0,443604.0
2025-07-07,,,,113000.0,342903.0
2025-07-08,,,,113200.0,432609.0
2025-07-09,,,,116500.0,573335.0
2025-07-10,,,,121000.0,552254.0
2025-07-11,,,,116100.0,502833.0
2025-07-14,,,,115500.0,214081.0
2025-07-15,,,,116000.0,489845.0
2025-07-16,,,,112100.0,367724.0
2025-07-17,,,,111600.0,251200.0
2025-07-18,,,,113500.0,256326.0
2025-07-21,,,,114900.0,228201.0
2025-07-22,,,,113900.0,194000.0
2025-07-23,,,,116300.0,270859.0
2025-07-24,,,,116900.0,295808.0
2025-07-25,,,,114400.0,223316.0
2025-07-28,,,,113500.0,313911.0
2025-07-29,,,,111500.0,342596.0
2025-07-30,,,,117200.0,874424.0
2025-07-31,,,,107900.0,1145001.0
2025-08-01,,,,102000.0,544493.0
2025-08-04,,,,103400.0,289812.0
2025-08-05,,,,106500.0,318691.0
2025-08-06,,,,109000.0,344934.0
2025-08-07,,,,108500.0,151708.0
2025-08-08,,,,107500.0,152162.0
2025-08-11,,,,107400.0,248530.0
2025-08-12,,,,106000.0,204049.0
2025-08-13,,,,106400.0,195221.0
2025-08-14,,,,109100.0,425386.0
2025-08-18,,,,105500.0,233601.0
2025-08-19,,,,105900.0,147883.0
2025-08-20,,,,104100.0,179856.0
2025-08-21,,,,104700.0,175526.0
2025-08-22,,,,103900.0,189267.0
2025-08-25,,,,105500.0,149509.0
2025-08-26,,,,104900.0,338276.0
2025-08-27,,,,103600.0,242789.0
2025-08-28,,,,102400.0,177723.0
2025-08-29,,,,100900.0,262325.0
2025-09-01,,,,100200.0,134025.0
2025-09-02,,,,100900.0,130484.0
2025-09-03,,,,101400.0,151901.0
2025-09-04,,,,106400.0,453804.0
2025-09-05,,,,105400.0,201450.0
2025-09-08,,,,105800.0,129120.0
2025-09-09,,,,106600.0,201764.0
2025-09-10,,,,106500.0,205511.0
2025-09-11,,,,108500.0,675159.0
2025-09-12,,,,107900.0,288479.0
2025-09-15,,,,107000.0,202945.0
2025-09-16,,,,105000.0,293946.0
2025-09-17,,,,106300.0,162397.0
2025-09-18,,,,106000.0,197078.0
2025-09-22,,,,104200.0,186127.0
2025-09-23,,,,103600.0,201315.0
2025-09-24,,,,102300.0,233461.0
2025-09-25,,,,103600.0,185194.0
2025-09-26,,,,101100.0,155423.0
2025-09-29,,,,101600.0,139279.0
2025-09-30,,,,100500.0,232533.0
2025-10-01,,,,99900.0,214213.0
2025-10-02,,,,104900.0,843677.0
2025-10-10,,,,103000.0,275945.0
2025-10-13,,,,104000.0,303723.0
2025-10-14,,,,106200.0,416289.0
2025-10-15,,,,107700.0,229656.0
2025-10-16,,,,116000.0,959544.0
2025-10-17,,,,116600.0,701794.0
2025-10-20,,,,119200.0,537124.0
2025-10-21,,,,124700.0,1377390.0
2025-10-22,,,,126300.0,585328.0
2025-10-23,,,,124500.0,445469.0
2025-10-24,,,,134800.0,1442659.0
2025-10-27,,,,131300.0,667370.0
2025-10-28,,,,132000.0,581661.0
2025-10-29,,,,137000.0,863624.0
2025-10-30,,,,134600.0,509974.0
2025-10-31,,,,128900.0,700849.0
2025-11-03,,,,126500.0,493253.0
2025-11-04,,,,126500.0,369158.0
2025-11-05,,,,120900.0,444471.0
2025-11-06,,,,120800.0,445880.0
2025-11-07,,,,115900.0,391011.0
2025-11-10,,,,120500.0,283482.0
2025-11-11,,,,122300.0,312573.0
2025-11-12,,,,126500.0,386084.0
2025-11-13,,,,126300.0,402364.0
2025-11-14,,,,122700.0,268518.0
2025-11-17,,,,122300.0,245202.0
2025-11-18,,,,116000.0,341783.0
2025-11-19,,,,116600.0,204366.0
2025-11-20,,,,116900.0,199549.0
2025-11-21,,,,113500.0,193498.0
2025-11-24,,,,111300.0,319104.0
2025-11-25,,,,111000.0,170364.0
2025-11-26,,,,117200.0,247969.0
2025-11-27,,,,116400.0,158395.0
2025-11-28,,,,115000.0,205478.0
2025-12-01,,,,114600.0,164925.0
2025-12-02,,,,115500.0,183864.0
2025-12-03,,,,115900.0,139733.0
2025-12-04,,,,112600.0,303660.0
2025-12-05,,,,114600.0,198828.0
2025-12-08,,,,117500.0,268104.0
2025-12-09,,,,117300.0,217439.0
2025-12-10,,,,116600.0,238604.0
2025-12-11,,,,112300.0,582960.0
2025-12-12,,,,113900.0,220653.0
2025-12-15,,,,112900.0,174999.0
2025-12-16,,,,109800.0,272521.0
2025-12-17,,,,110500.0,202783.0
2025-12-18,,,,104800.0,343106.0
2025-12-19,,,,105800.0,572216.0
2025-12-22,,,,106500.0,160271.0
2025-12-23,,,,106200.0,136988.0
2025-12-24,,,,105500.0,125186.0
2025-12-26,,,,103300.0,149687.0
2025-12-29,,,,103100.0,162960.0
2025-12-30,,,,101200.0,224337.0
2026-01-02,,,,99900.0,222145.0
2026-01-05,,,,102700.0,269897.0
2026-01-06,,,,106000.0,331023.0
2026-01-07,,,,102000.0,373184.0
2026-01-08,,,,102600.0,720394.0
2026-01-09,,,,99700.0,429275.0
2026-01-12,,,,102500.0,328914.0
2026-01-13,,,,105500.0,350395.0
2026-01-14,,,,103900.0,254953.0
2026-01-15,,,,107600.0,621403.0
2026-01-16,,,,105400.0,279004.0
2026-01-19,,,,106200.0,329951.0
2026-01-20,,,,109000.0,406654.0
2026-01-21,,,,105800.0,257770.0
2026-01-22,,,,112200.0,802247.0
2026-01-23,,,,111400.0,474343.0
2026-01-26,,,,114100.0,414195.0
2026-01-27,,,,111500.0,438428.0
2026-01-28,,,,108200.0,1065781.0
2026-01-29,,,,113500.0,921456.0
2026-01-30,,,,112000.0,754942.0
2026-02-02,,,,106900.0,589696.0
2026-02-03,,,,109500.0,406300.0
2026-02-04,,,,112700.0,456487.0
2026-02-05,,,,109800.0,478632.0
2026-02-06,,,,106200.0,416129.0
2026-02-09,,,,109700.0,310740.0
2026-02-10,,,,111800.0,371527.0
2026-02-11,,,,113500.0,333667.0
2026-02-12,,,,116300.0,552434.0
2026-02-13,116000.0,118200.0,113500.0,113800.0,366958.0
2026-02-19,115000.0,119000.0,114100.0,118600.0,469623.0
2026-02-20,121700.0,128700.0,121500.0,127600.0,1148636.0
2026-02-23,128300.0,130700.0,126700.0,128400.0,829422.0
2026-02-24,129500.0,139500.0,128700.0,137700.0,1454315.0
2026-02-25,136300.0,136400.0,130000.0,131200.0,945606.0
2026-02-26,131500.0,132800.0,128100.0,130000.0,645204.0
2026-02-27,128000.0,129900.0,125500.0,127700.0,1133235.0
2026-03-03,140400.0,141300.0,128700.0,130900.0,3617613.0
2026-03-04,136700.0,139600.0,108100.0,109000.0,2479816.0
2026-03-05,115700.0,131400.0,114100.0,126500.0,2015029.0
2026-03-06,131000.0,131000.0,121900.0,124900.0,1082786.0
2026-03-09,127800.0,128600.0,117100.0,118200.0,1018646.0
2026-03-10,120000.0,122500.0,117100.0,119800.0,543592.0
2026-03-11,120200.0,126400.0,119000.0,119500.0,832752.0
2026-03-12,121200.0,125400.0,120000.0,121700.0,1529015.0
2026-03-13,120600.0,121100.0,112000.0,112600.0,1213989.0
2026-03-16,111700.0,113300.0,108900.0,109300.0,480023.0
2026-03-17,110900.0,111000.0,108500.0,110900.0,443183.0
2026-03-18,111300.0,114600.0,110600.0,114300.0,394221.0
2026-03-19,111800.0,113000.0,110200.0,110300.0,319609.0
2026-03-20,111900.0,117700.0,111600.0,113900.0,570150.0
2026-03-23,111100.0,111400.0,105100.0,105600.0,464035.0
2026-03-25,111700.0,114700.0,111000.0,114100.0,429196.0
2026-03-26,113500.0,113500.0,110300.0,111300.0,301504.0
2026-03-27,109500.0,111400.0,106300.0,111400.0,310314.0
2026-03-30,107400.0,114600.0,106500.0,113400.0,494381.0
2026-03-31,112300.0,113400.0,107700.0,108700.0,424109.0
2026-04-01,113000.0,114500.0,110800.0,114500.0,339509.0
2026-04-02,114400.0,120200.0,113800.0,115500.0,906129.0
2026-04-03,118200.0,119600.0,114000.0,118200.0,307161.0
2026-04-06,117900.0,123900.0,117800.0,123200.0,619875.0
2026-04-07,121500.0,128700.0,120500.0,121800.0,690065.0
2026-04-08,125000.0,125500.0,115500.0,120400.0,807415.0
2026-04-09,122200.0,124500.0,119100.0,124000.0,648120.0
2026-04-10,123600.0,124900.0,121100.0,122400.0,291430.0
2026-04-13,122000.0,124200.0,119800.0,121500.0,345810.0
2026-04-14,122000.0,122800.0,120000.0,121600.0,361028.0
2026-04-15,122400.0,122900.0,118600.0,121600.0,501831.0
2026-04-16,121600.0,127000.0,121600.0,126500.0,667455.0
2026-04-17,127000.0,129500.0,125300.0,129400.0,432136.0
2026-04-20,129300.0,130500.0,127200.0,128800.0,343300.0
2026-04-21,130100.0,135200.0,128900.0,133500.0,1167957.0
2026-04-22,135200.0,135200.0,130000.0,134000.0,618073.0
2026-04-23,134500.0,135500.0,128400.0,133200.0,568659.0
2026-04-24,133300.0,134200.0,130900.0,132900.0,445814.0
2026-04-27,134100.0,134300.0,128700.0,130400.0,651104.0
2026-04-28,130700.0,133800.0,130300.0,133000.0,736544.0
2026-04-29,135400.0,149900.0,135300.0,149800.0,3117601.0
2026-04-30,146500.0,148000.0,143500.0,146200.0,1134227.0
2026-05-04,149500.0,155400.0,144600.0,145700.0,1202954.0
2026-05-06,148500.0,148700.0,139500.0,146700.0,1323792.0
2026-05-07,145500.0,145900.0,136400.0,137800.0,1019145.0
2026-05-08,138200.0,138200.0,134000.0,134700.0,671894.0
2026-05-11,137700.0,138000.0,131900.0,132700.0,701204.0
2026-05-12,132000.0,133400.0,123900.0,128500.0,786369.0
2026-05-13,131000.0,132000.0,125200.0,129700.0,645303.0
2026-05-14,131000.0,131400.0,124100.0,126700.0,805501.0
2026-05-15,130000.0,136400.0,122200.0,123500.0,1140726.0
2026-05-18,124900.0,126200.0,116900.0,123300.0,495434.0
2026-05-19,122900.0,125000.0,117700.0,119600.0,605849.0
2026-05-20,123100.0,124800.0,114500.0,115500.0,516672.0
2026-05-21,117800.0,119000.0,116000.0,118800.0,532239.0
