날짜,시가,고가,저가,종가,거래량
2016-05-09,53600.0,53600.0,52300.0,53300.0,4210.0
2016-05-10,53300.0,53300.0,52800.0,53000.0,2596.0
2016-05-11,53200.0,53300.0,52300.0,53000.0,2267.0
2016-05-12,53000.0,53100.0,52200.0,52400.0,3449.0
2016-05-13,52300.0,52600.0,52000.0,52400.0,3670.0
2016-05-16,52500.0,52900.0,52000.0,52600.0,3350.0
2016-05-17,52400.0,52600.0,52000.0,52600.0,3141.0
2016-05-18,52500.0,52500.0,52000.0,52200.0,3300.0
2016-05-19,52100.0,53700.0,52100.0,52500.0,4428.0
2016-05-20,52600.0,52800.0,51600.0,52300.0,3913.0
2016-05-23,52800.0,52800.0,51200.0,51500.0,6458.0
2016-05-24,51500.0,51500.0,50600.0,51200.0,3434.0
2016-05-25,51400.0,51800.0,50700.0,51500.0,4701.0
2016-05-26,51800.0,51800.0,50600.0,51000.0,3162.0
2016-05-27,51500.0,51500.0,50600.0,50900.0,4247.0
2016-05-30,51000.0,51100.0,50300.0,50400.0,3699.0
2016-05-31,50900.0,52000.0,50200.0,52000.0,5543.0
2016-06-01,51900.0,52000.0,51100.0,51500.0,3622.0
2016-06-02,51400.0,51700.0,51000.0,51500.0,2937.0
2016-06-03,51300.0,51700.0,50400.0,51200.0,5398.0
2016-06-07,50900.0,51300.0,50300.0,50700.0,3510.0
2016-06-08,50900.0,51200.0,50300.0,50700.0,6472.0
2016-06-09,50800.0,51200.0,50300.0,50700.0,9530.0
2016-06-10,50700.0,51200.0,50300.0,50400.0,5799.0
2016-06-13,50400.0,50800.0,50000.0,50300.0,4007.0
2016-06-14,50200.0,50200.0,49750.0,49750.0,6595.0
2016-06-15,49800.0,50000.0,49500.0,49600.0,6885.0
2016-06-16,49800.0,49800.0,49500.0,49650.0,3751.0
2016-06-17,50100.0,50500.0,49250.0,49250.0,6505.0
2016-06-20,49750.0,50100.0,49500.0,49950.0,3344.0
2016-06-21,50300.0,50800.0,49900.0,50600.0,4466.0
2016-06-22,50800.0,51000.0,50000.0,50900.0,2526.0
2016-06-23,51200.0,51200.0,50000.0,50100.0,2255.0
2016-06-24,50800.0,50800.0,48900.0,49150.0,13423.0
2016-06-27,48700.0,50200.0,48700.0,50000.0,4972.0
2016-06-28,49950.0,50100.0,49500.0,49900.0,5377.0
2016-06-29,50400.0,50400.0,49650.0,49900.0,7522.0
2016-06-30,49900.0,50200.0,49650.0,49900.0,3513.0
2016-07-01,50300.0,50400.0,49600.0,49600.0,7735.0
2016-07-04,49800.0,49950.0,49200.0,49950.0,6464.0
2016-07-05,49900.0,49900.0,49250.0,49400.0,5873.0
2016-07-06,49300.0,49800.0,48900.0,49200.0,6990.0
2016-07-07,49200.0,49300.0,49100.0,49150.0,5557.0
2016-07-08,49500.0,49500.0,48650.0,48800.0,6022.0
2016-07-11,48900.0,49200.0,48400.0,48900.0,6893.0
2016-07-12,49300.0,49300.0,48650.0,49050.0,3997.0
2016-07-13,49200.0,49350.0,48850.0,49050.0,7750.0
2016-07-14,49050.0,49250.0,48850.0,49250.0,5649.0
2016-07-15,49450.0,49800.0,49150.0,49650.0,5900.0
2016-07-18,49650.0,49750.0,49150.0,49700.0,5630.0
2016-07-19,49800.0,49800.0,49000.0,49100.0,8343.0
2016-07-20,49100.0,49500.0,48900.0,49250.0,4335.0
2016-07-21,49450.0,49550.0,48950.0,49250.0,10006.0
2016-07-22,49550.0,49550.0,49000.0,49250.0,9889.0
2016-07-25,49250.0,50200.0,49250.0,49850.0,8965.0
2016-07-26,49900.0,50400.0,49550.0,49550.0,5096.0
2016-07-27,49950.0,51000.0,49700.0,50700.0,4231.0
2016-07-28,50700.0,51000.0,50400.0,50600.0,1823.0
2016-07-29,50300.0,50800.0,50100.0,50400.0,2585.0
2016-08-01,50400.0,50900.0,49900.0,50000.0,6440.0
2016-08-02,50100.0,50200.0,49650.0,50000.0,1495.0
2016-08-03,49900.0,50500.0,49600.0,50400.0,2032.0
2016-08-04,50400.0,50500.0,50000.0,50300.0,1187.0
2016-08-05,50400.0,50400.0,49750.0,50100.0,4367.0
2016-08-08,50500.0,50500.0,49800.0,50300.0,2187.0
2016-08-09,50600.0,50600.0,49850.0,50500.0,6681.0
2016-08-10,50400.0,50700.0,50100.0,50400.0,1823.0
2016-08-11,50400.0,50400.0,50000.0,50200.0,2191.0
2016-08-12,50700.0,50700.0,50100.0,50400.0,1335.0
2016-08-16,50800.0,50900.0,50100.0,50500.0,2892.0
2016-08-17,50400.0,50400.0,49900.0,50400.0,3882.0
2016-08-18,50000.0,50400.0,49850.0,50000.0,10746.0
2016-08-19,49800.0,50200.0,49700.0,50000.0,7723.0
2016-08-22,50400.0,50400.0,49500.0,50000.0,3460.0
2016-08-23,50000.0,50700.0,49700.0,50500.0,3647.0
2016-08-24,50000.0,50400.0,49950.0,50300.0,3040.0
2016-08-25,50300.0,50500.0,49500.0,50500.0,9405.0
2016-08-26,50400.0,50400.0,49750.0,50300.0,7041.0
2016-08-29,50400.0,50400.0,49600.0,49800.0,3942.0
2016-08-30,49600.0,50400.0,49600.0,49900.0,950.0
2016-08-31,50300.0,50800.0,49200.0,50800.0,15134.0
2016-09-01,50700.0,50700.0,50100.0,50200.0,1910.0
2016-09-02,50200.0,50700.0,49850.0,50700.0,4032.0
2016-09-05,50400.0,50500.0,50000.0,50400.0,5255.0
2016-09-06,50500.0,50600.0,50200.0,50400.0,6643.0
2016-09-07,50500.0,51000.0,50200.0,51000.0,11667.0
2016-09-08,50800.0,54900.0,50000.0,53100.0,34536.0
2016-09-09,52900.0,53200.0,51400.0,52900.0,7124.0
2016-09-12,52100.0,52800.0,51500.0,52700.0,2773.0
2016-09-13,52900.0,52900.0,51100.0,51200.0,5443.0
2016-09-19,51200.0,51200.0,50100.0,50800.0,2750.0
2016-09-20,51200.0,51200.0,50000.0,50300.0,2783.0
2016-09-21,50600.0,50600.0,50000.0,50100.0,3841.0
2016-09-22,50500.0,50500.0,50100.0,50400.0,3994.0
2016-09-23,50500.0,50500.0,49950.0,50400.0,9165.0
2016-09-26,50400.0,50500.0,49900.0,49900.0,11911.0
2016-09-27,50400.0,50400.0,49750.0,50400.0,10148.0
2016-09-28,50400.0,50400.0,49900.0,50000.0,1815.0
2016-09-29,50300.0,50500.0,49900.0,50400.0,4683.0
2016-09-30,50400.0,50500.0,49450.0,49450.0,8937.0
2016-10-04,49950.0,50300.0,49500.0,50100.0,5322.0
2016-10-05,50000.0,50100.0,49450.0,49950.0,5897.0
2016-10-06,50900.0,50900.0,49750.0,50100.0,3331.0
2016-10-07,50300.0,50300.0,49800.0,49950.0,2290.0
2016-10-10,50300.0,50300.0,49850.0,49850.0,2761.0
2016-10-11,50000.0,50100.0,49800.0,50100.0,2597.0
2016-10-12,50100.0,50300.0,49500.0,49800.0,5173.0
2016-10-13,49800.0,50000.0,49700.0,49800.0,3977.0
2016-10-14,50000.0,50500.0,49650.0,50500.0,4445.0
2016-10-17,50400.0,50400.0,49750.0,50200.0,3002.0
2016-10-18,50200.0,50200.0,49800.0,50000.0,3953.0
2016-10-19,50300.0,50400.0,49750.0,49800.0,2801.0
2016-10-20,50200.0,50900.0,49850.0,50900.0,4921.0
2016-10-21,50900.0,50900.0,49900.0,50500.0,3759.0
2016-10-24,50500.0,51100.0,50100.0,50600.0,3120.0
2016-10-25,50500.0,50500.0,50000.0,50200.0,820.0
2016-10-26,50500.0,50500.0,49550.0,49950.0,6892.0
2016-10-27,50200.0,50200.0,49700.0,49950.0,1527.0
2016-10-28,50300.0,50300.0,49550.0,49650.0,4292.0
2016-10-31,49800.0,49850.0,49500.0,49700.0,3673.0
2016-11-01,49900.0,49900.0,49500.0,49600.0,2828.0
2016-11-02,49500.0,49950.0,49250.0,49400.0,6112.0
2016-11-03,48800.0,49850.0,48800.0,49350.0,7436.0
2016-11-04,49650.0,49850.0,49300.0,49850.0,5228.0
2016-11-07,49800.0,49900.0,49450.0,49650.0,6486.0
2016-11-08,49650.0,49650.0,49300.0,49450.0,5967.0
2016-11-09,49650.0,49650.0,47650.0,47850.0,19078.0
2016-11-10,48500.0,49600.0,48500.0,49350.0,6043.0
2016-11-11,49000.0,49850.0,49000.0,49600.0,3610.0
2016-11-14,49800.0,49800.0,49250.0,49500.0,3298.0
2016-11-15,49800.0,49800.0,49300.0,49800.0,1678.0
2016-11-16,49850.0,49950.0,49350.0,49800.0,1047.0
2016-11-17,49950.0,50000.0,49550.0,50000.0,1317.0
2016-11-18,50000.0,50400.0,49850.0,50200.0,2796.0
2016-11-21,50200.0,50200.0,49800.0,50200.0,1232.0
2016-11-22,50100.0,50100.0,49700.0,49850.0,1877.0
2016-11-23,49850.0,50100.0,49650.0,50000.0,3994.0
2016-11-24,50200.0,50200.0,49200.0,49750.0,3056.0
2016-11-25,49950.0,49950.0,49450.0,49650.0,342.0
2016-11-28,49650.0,49850.0,49400.0,49800.0,693.0
2016-11-29,50200.0,50200.0,49600.0,49900.0,2023.0
2016-11-30,50000.0,50700.0,49650.0,50700.0,3253.0
2016-12-01,50700.0,50700.0,49600.0,49650.0,2871.0
2016-12-02,49950.0,49950.0,49500.0,49500.0,1328.0
2016-12-05,49500.0,49800.0,49200.0,49700.0,3750.0
2016-12-06,49900.0,49900.0,49100.0,49600.0,1410.0
2016-12-07,49650.0,49700.0,49300.0,49700.0,4721.0
2016-12-08,49800.0,49800.0,49550.0,49750.0,2022.0
2016-12-09,49900.0,50200.0,49400.0,49800.0,4732.0
2016-12-12,49850.0,49900.0,49400.0,49750.0,2457.0
2016-12-13,49750.0,49750.0,49400.0,49700.0,2095.0
2016-12-14,49850.0,49850.0,49250.0,49500.0,4492.0
2016-12-15,49450.0,49650.0,49300.0,49650.0,2450.0
2016-12-16,49650.0,49650.0,49350.0,49450.0,1166.0
2016-12-19,49600.0,49600.0,49300.0,49350.0,1072.0
2016-12-20,49400.0,49700.0,49400.0,49700.0,3064.0
2016-12-21,49750.0,49750.0,49450.0,49450.0,7497.0
2016-12-22,49400.0,49800.0,49050.0,49050.0,5724.0
2016-12-23,49600.0,49600.0,49050.0,49200.0,6452.0
2016-12-26,49200.0,49500.0,49200.0,49450.0,2727.0
2016-12-27,49450.0,50300.0,49400.0,49500.0,2588.0
2016-12-28,49500.0,50000.0,49400.0,49650.0,2265.0
2016-12-29,49800.0,50200.0,49550.0,50000.0,2165.0
2017-01-02,50200.0,50300.0,49700.0,50000.0,4128.0
2017-01-03,50000.0,50000.0,49750.0,49850.0,3276.0
2017-01-04,49850.0,49950.0,49650.0,49650.0,5227.0
2017-01-05,50000.0,50100.0,49650.0,49650.0,6189.0
2017-01-06,50100.0,50100.0,49650.0,49700.0,4656.0
2017-01-09,49850.0,50100.0,49650.0,49900.0,4876.0
2017-01-10,50000.0,50000.0,49700.0,50000.0,3946.0
2017-01-11,50000.0,50600.0,49800.0,50500.0,6416.0
2017-01-12,50100.0,50700.0,49900.0,50400.0,9139.0
2017-01-13,50100.0,50800.0,50100.0,50100.0,5256.0
2017-01-16,50100.0,50700.0,50000.0,50300.0,4235.0
2017-01-17,50300.0,50600.0,50200.0,50500.0,4581.0
2017-01-18,50700.0,50700.0,50300.0,50700.0,3097.0
2017-01-19,50700.0,50700.0,50200.0,50500.0,6230.0
2017-01-20,50500.0,50800.0,50200.0,50400.0,12980.0
2017-01-23,50400.0,50900.0,50400.0,50700.0,5343.0
2017-01-24,50800.0,50900.0,50500.0,50700.0,6963.0
2017-01-25,50700.0,51800.0,50700.0,51600.0,15725.0
2017-01-26,51900.0,52100.0,51400.0,51700.0,9104.0
2017-01-31,51300.0,52600.0,51300.0,52500.0,4442.0
2017-02-01,52500.0,53800.0,52500.0,53500.0,11030.0
2017-02-02,53800.0,53900.0,52800.0,53200.0,4090.0
2017-02-03,53300.0,53400.0,52600.0,52900.0,5047.0
2017-02-06,53100.0,53400.0,52500.0,52700.0,10521.0
2017-02-07,52700.0,52700.0,52300.0,52600.0,14822.0
2017-02-08,52300.0,52600.0,52200.0,52500.0,2335.0
2017-02-09,52500.0,53100.0,52200.0,52500.0,3312.0
2017-02-10,52300.0,52700.0,52200.0,52400.0,4507.0
2017-02-13,52400.0,52600.0,52200.0,52500.0,4224.0
2017-02-14,52500.0,52700.0,52300.0,52400.0,3105.0
2017-02-15,52400.0,52800.0,52200.0,52500.0,3643.0
2017-02-16,52400.0,52800.0,52100.0,52300.0,2614.0
2017-02-17,52500.0,52500.0,52100.0,52400.0,3042.0
2017-02-20,52200.0,52500.0,52000.0,52200.0,4385.0
2017-02-21,52200.0,52600.0,52100.0,52400.0,13111.0
2017-02-22,52600.0,52800.0,52300.0,52400.0,4784.0
2017-02-23,52400.0,52600.0,52100.0,52200.0,6780.0
2017-02-24,52200.0,53000.0,52000.0,52200.0,4037.0
2017-02-27,52200.0,52300.0,52000.0,52000.0,3440.0
2017-02-28,52200.0,53400.0,52000.0,52600.0,18314.0
2017-03-02,52800.0,53300.0,52600.0,52800.0,2638.0
2017-03-03,52800.0,52800.0,52100.0,52300.0,5701.0
2017-03-06,52400.0,52800.0,52100.0,52600.0,3940.0
2017-03-07,52700.0,52700.0,52200.0,52600.0,1940.0
2017-03-08,52600.0,52700.0,52400.0,52400.0,1371.0
2017-03-09,52600.0,52600.0,52300.0,52400.0,2179.0
2017-03-10,52500.0,52600.0,52300.0,52600.0,3176.0
2017-03-13,52600.0,53000.0,52400.0,52600.0,4055.0
2017-03-14,52500.0,53000.0,52300.0,52600.0,4065.0
2017-03-15,52600.0,52800.0,52100.0,52100.0,5965.0
2017-03-16,52200.0,53100.0,52200.0,52500.0,6489.0
2017-03-17,52700.0,53000.0,52400.0,52700.0,10986.0
2017-03-20,52900.0,53100.0,52600.0,52900.0,6451.0
2017-03-21,53000.0,53700.0,52700.0,53400.0,10830.0
2017-03-22,53300.0,53600.0,52800.0,53400.0,5358.0
2017-03-23,53500.0,53600.0,53200.0,53300.0,6558.0
2017-03-24,53300.0,53300.0,52700.0,52800.0,9125.0
2017-03-27,52500.0,53000.0,52500.0,52800.0,8405.0
2017-03-28,52900.0,53000.0,52300.0,52500.0,12535.0
2017-03-29,52700.0,52800.0,52300.0,52600.0,18534.0
2017-03-30,50900.0,51000.0,50000.0,50400.0,11082.0
2017-03-31,50400.0,50400.0,49850.0,49900.0,5264.0
2017-04-03,49950.0,50100.0,49650.0,49850.0,7606.0
2017-04-04,49600.0,49900.0,49200.0,49650.0,8851.0
2017-04-05,49700.0,49800.0,49200.0,49400.0,6490.0
2017-04-06,49400.0,49400.0,49150.0,49400.0,5279.0
2017-04-07,49600.0,49850.0,49400.0,49650.0,3082.0
2017-04-10,49900.0,49900.0,49000.0,49250.0,3810.0
2017-04-11,49500.0,49500.0,49100.0,49150.0,5503.0
2017-04-12,49350.0,49450.0,49050.0,49300.0,2492.0
2017-04-13,49450.0,49450.0,49150.0,49450.0,4333.0
2017-04-14,49500.0,49600.0,49300.0,49350.0,1993.0
2017-04-17,49350.0,49600.0,49250.0,49450.0,2985.0
2017-04-18,49500.0,49550.0,49300.0,49400.0,3847.0
2017-04-19,49400.0,49550.0,49200.0,49300.0,15317.0
2017-04-20,49450.0,49600.0,49300.0,49600.0,3397.0
2017-04-21,49600.0,49650.0,49300.0,49500.0,3022.0
2017-04-24,49500.0,49650.0,49350.0,49550.0,3505.0
2017-04-25,49550.0,49750.0,49450.0,49700.0,8520.0
2017-04-26,49700.0,50400.0,49700.0,50100.0,9836.0
2017-04-27,50300.0,50300.0,49850.0,49950.0,3419.0
2017-04-28,49850.0,50300.0,49850.0,49900.0,6708.0
2017-05-02,49900.0,50400.0,49850.0,50100.0,8084.0
2017-05-04,50100.0,50500.0,50100.0,50300.0,6743.0
2017-05-08,50400.0,51300.0,50300.0,51300.0,11837.0
2017-05-10,51300.0,51400.0,50000.0,50100.0,10811.0
2017-05-11,50100.0,51400.0,50100.0,50600.0,12836.0
2017-05-12,51400.0,51400.0,50300.0,50600.0,4816.0
2017-05-15,50600.0,50900.0,50500.0,50900.0,1806.0
2017-05-16,51000.0,51100.0,50500.0,51100.0,4600.0
2017-05-17,51200.0,51200.0,50400.0,50500.0,2610.0
2017-05-18,50500.0,50800.0,50200.0,50800.0,8191.0
2017-05-19,51000.0,51200.0,50700.0,51200.0,3979.0
2017-05-22,51200.0,52200.0,50800.0,52100.0,9679.0
2017-05-23,52400.0,52700.0,51400.0,52400.0,9362.0
2017-05-24,52400.0,52400.0,51700.0,52100.0,3634.0
2017-05-25,52100.0,52300.0,51700.0,52000.0,3418.0
2017-05-26,52000.0,52700.0,51600.0,52600.0,4255.0
2017-05-29,52300.0,52800.0,52100.0,52100.0,4039.0
2017-05-30,52500.0,52500.0,52000.0,52300.0,2816.0
2017-05-31,52300.0,52500.0,51300.0,52500.0,5483.0
2017-06-01,52500.0,52600.0,51500.0,52400.0,3867.0
2017-06-02,52400.0,52800.0,52300.0,52500.0,4280.0
2017-06-05,52600.0,52900.0,51700.0,52600.0,5019.0
2017-06-07,52100.0,52400.0,51900.0,52400.0,5045.0
2017-06-08,52400.0,53200.0,52100.0,53000.0,16480.0
2017-06-09,53300.0,55000.0,53200.0,54800.0,16613.0
2017-06-12,54800.0,55200.0,53900.0,54400.0,4621.0
2017-06-13,54000.0,54700.0,53700.0,54100.0,4202.0
2017-06-14,54100.0,54600.0,53600.0,53700.0,4093.0
2017-06-15,53700.0,54200.0,53200.0,53400.0,5814.0
2017-06-16,53400.0,54100.0,53200.0,53700.0,5608.0
2017-06-19,53200.0,54000.0,53200.0,54000.0,6205.0
2017-06-20,54200.0,54700.0,53800.0,54600.0,11310.0
2017-06-21,54600.0,54600.0,53600.0,54600.0,3210.0
2017-06-22,54500.0,55000.0,53800.0,54500.0,7038.0
2017-06-23,54500.0,54500.0,53900.0,54100.0,3067.0
2017-06-26,55300.0,55300.0,54100.0,54300.0,4776.0
2017-06-27,54300.0,54300.0,54000.0,54200.0,3140.0
2017-06-28,54600.0,54600.0,53700.0,54000.0,4360.0
2017-06-29,54200.0,55200.0,54200.0,55000.0,7160.0
2017-06-30,55000.0,55300.0,54800.0,55000.0,4311.0
2017-07-03,55300.0,56400.0,55000.0,55600.0,7189.0
2017-07-04,55700.0,56800.0,55700.0,56500.0,10216.0
2017-07-05,56400.0,56600.0,55300.0,55400.0,3193.0
2017-07-06,55600.0,56200.0,55400.0,56000.0,5061.0
2017-07-07,56000.0,56000.0,54100.0,55800.0,8829.0
2017-07-10,55800.0,55800.0,54100.0,54100.0,8312.0
2017-07-11,54200.0,54800.0,54200.0,54500.0,3055.0
2017-07-12,54900.0,54900.0,54000.0,54200.0,4032.0
2017-07-13,54700.0,54800.0,54100.0,54200.0,7005.0
2017-07-14,54200.0,54700.0,54100.0,54700.0,2630.0
2017-07-17,54900.0,55200.0,54300.0,54800.0,5136.0
2017-07-18,54800.0,54900.0,54200.0,54800.0,2226.0
2017-07-19,54800.0,55100.0,54300.0,54800.0,5804.0
2017-07-20,54600.0,56000.0,54600.0,55800.0,5732.0
2017-07-21,55900.0,56500.0,55800.0,56000.0,5964.0
2017-07-24,56400.0,56800.0,56000.0,56700.0,10153.0
2017-07-25,57000.0,59300.0,57000.0,58000.0,16602.0
2017-07-26,58300.0,59000.0,58300.0,58700.0,7072.0
2017-07-27,59600.0,59600.0,58800.0,58800.0,7011.0
2017-07-28,59200.0,59200.0,55800.0,56600.0,11425.0
2017-07-31,56600.0,59300.0,56600.0,59100.0,5906.0
2017-08-01,59100.0,60100.0,59100.0,59600.0,8960.0
2017-08-02,59600.0,60000.0,59200.0,59700.0,5062.0
2017-08-03,59700.0,60300.0,58100.0,58800.0,11253.0
2017-08-04,58800.0,59500.0,57600.0,57700.0,7631.0
2017-08-07,58400.0,58400.0,57400.0,57700.0,11241.0
2017-08-08,57700.0,58300.0,57300.0,57300.0,6375.0
2017-08-09,57400.0,57800.0,56000.0,56200.0,9936.0
2017-08-10,56400.0,57500.0,55600.0,57300.0,13678.0
2017-08-11,56700.0,57300.0,56100.0,57000.0,4758.0
2017-08-14,56700.0,57400.0,56400.0,57200.0,4836.0
2017-08-16,57400.0,57400.0,56700.0,57000.0,5347.0
2017-08-17,57000.0,57200.0,56600.0,57100.0,4358.0
2017-08-18,57000.0,57200.0,56400.0,56900.0,3029.0
2017-08-21,56800.0,57700.0,56200.0,57700.0,2526.0
2017-08-22,57700.0,57700.0,57200.0,57300.0,2787.0
2017-08-23,57800.0,57800.0,56600.0,57500.0,2325.0
2017-08-24,57400.0,58700.0,57300.0,58100.0,5290.0
2017-08-25,58600.0,59100.0,57800.0,57800.0,4858.0
2017-08-28,58700.0,58700.0,57200.0,57800.0,3855.0
2017-08-29,58400.0,58500.0,57500.0,58200.0,3652.0
2017-08-30,58400.0,58800.0,58300.0,58600.0,4200.0
2017-08-31,58200.0,59400.0,58200.0,58800.0,6039.0
2017-09-01,58900.0,59700.0,58900.0,59500.0,4505.0
2017-09-04,58100.0,59700.0,58100.0,59400.0,11237.0
2017-09-05,59400.0,59400.0,57400.0,57800.0,4626.0
2017-09-06,57900.0,58000.0,57300.0,57700.0,5917.0
2017-09-07,57500.0,57800.0,56500.0,57400.0,5674.0
2017-09-08,57400.0,57500.0,56700.0,56800.0,5550.0
2017-09-11,56800.0,57400.0,56400.0,57000.0,6109.0
2017-09-12,57400.0,57400.0,56800.0,57300.0,4201.0
2017-09-13,57400.0,57400.0,57100.0,57200.0,3319.0
2017-09-14,57300.0,57400.0,54300.0,55700.0,36941.0
2017-09-15,55800.0,57400.0,55600.0,57400.0,11349.0
2017-09-18,57400.0,57900.0,57100.0,57600.0,2921.0
2017-09-19,57600.0,57600.0,55700.0,56100.0,7388.0
2017-09-20,56600.0,56700.0,56200.0,56700.0,3268.0
2017-09-21,56900.0,56900.0,56100.0,56200.0,5610.0
2017-09-22,55800.0,56700.0,55300.0,56200.0,6453.0
2017-09-25,55600.0,56000.0,55300.0,55300.0,6478.0
2017-09-26,56000.0,56000.0,54100.0,54800.0,9974.0
2017-09-27,54700.0,55300.0,54200.0,54400.0,6445.0
2017-09-28,54800.0,56200.0,54800.0,55900.0,5361.0
2017-09-29,55700.0,57000.0,55700.0,57000.0,5160.0
2017-10-10,57100.0,59600.0,57100.0,58600.0,16465.0
2017-10-11,58600.0,59200.0,57900.0,59100.0,4858.0
2017-10-12,59200.0,60900.0,59000.0,59100.0,17296.0
2017-10-13,60200.0,61000.0,59200.0,60700.0,18751.0
2017-10-16,60800.0,60800.0,60000.0,60700.0,4164.0
2017-10-17,61000.0,61400.0,60500.0,60900.0,24666.0
2017-10-18,60100.0,60900.0,60000.0,60200.0,4352.0
2017-10-19,60200.0,60900.0,60100.0,60700.0,2519.0
2017-10-20,61200.0,61200.0,60300.0,60800.0,5441.0
2017-10-23,61100.0,61100.0,59800.0,60700.0,4351.0
2017-10-24,60700.0,60700.0,59000.0,59100.0,6708.0
2017-10-25,59700.0,60400.0,58700.0,60200.0,6751.0
2017-10-26,60400.0,60400.0,59100.0,59800.0,9428.0
2017-10-27,60400.0,60400.0,59600.0,59800.0,5206.0
2017-10-30,59600.0,59800.0,59400.0,59600.0,6062.0
2017-10-31,59600.0,59700.0,59400.0,59400.0,10082.0
2017-11-01,59800.0,60100.0,59000.0,60100.0,7654.0
2017-11-02,60300.0,60900.0,60000.0,60500.0,3715.0
2017-11-03,60900.0,60900.0,60300.0,60300.0,6556.0
2017-11-06,60200.0,60800.0,59500.0,60400.0,6520.0
2017-11-07,60800.0,60900.0,59600.0,60100.0,6742.0
2017-11-08,59700.0,60700.0,59700.0,59900.0,8319.0
2017-11-09,60000.0,60700.0,60000.0,60400.0,3276.0
2017-11-10,59800.0,60900.0,59800.0,60900.0,1615.0
2017-11-13,60900.0,61600.0,60500.0,61200.0,7182.0
2017-11-14,61300.0,61500.0,61000.0,61400.0,4624.0
2017-11-15,61400.0,61500.0,60800.0,61500.0,6640.0
2017-11-16,61500.0,62400.0,61500.0,62200.0,10872.0
2017-11-17,62500.0,62600.0,62200.0,62300.0,5979.0
2017-11-20,62000.0,62900.0,61000.0,62600.0,15571.0
2017-11-21,62600.0,62600.0,61500.0,61700.0,5769.0
2017-11-22,62300.0,62300.0,61300.0,61300.0,12396.0
2017-11-23,61600.0,61600.0,60800.0,61000.0,7661.0
2017-11-24,61400.0,61400.0,60800.0,61400.0,6587.0
2017-11-27,61400.0,61700.0,61100.0,61100.0,9535.0
2017-11-28,61300.0,61300.0,60600.0,60700.0,4785.0
2017-11-29,60700.0,61000.0,60200.0,60700.0,4822.0
2017-11-30,59800.0,60500.0,58200.0,58200.0,11339.0
2017-12-01,58800.0,59400.0,58400.0,58800.0,5018.0
2017-12-04,58500.0,58900.0,58300.0,58800.0,6768.0
2017-12-05,59400.0,59400.0,58800.0,59000.0,5648.0
2017-12-06,58800.0,59000.0,58400.0,58700.0,5886.0
2017-12-07,58700.0,59200.0,58700.0,59100.0,5723.0
2017-12-08,58900.0,59400.0,58800.0,59000.0,4269.0
2017-12-11,58900.0,59400.0,58800.0,59000.0,5120.0
2017-12-12,59000.0,59000.0,58100.0,58400.0,5202.0
2017-12-13,58400.0,59600.0,58400.0,58800.0,4066.0
2017-12-14,58800.0,59400.0,58300.0,59400.0,7092.0
2017-12-15,59100.0,59500.0,57100.0,57100.0,10513.0
2017-12-18,57500.0,57500.0,56500.0,57100.0,12971.0
2017-12-19,57200.0,58000.0,56900.0,58000.0,19443.0
2017-12-20,57300.0,58000.0,57200.0,57800.0,5198.0
2017-12-21,57800.0,59900.0,57800.0,58900.0,12563.0
2017-12-22,58300.0,59000.0,55000.0,57700.0,20658.0
2017-12-26,57200.0,57700.0,56600.0,57200.0,11845.0
2017-12-27,57200.0,57200.0,56500.0,57100.0,6263.0
2017-12-28,57700.0,57700.0,56700.0,56700.0,3073.0
2018-01-02,56900.0,58600.0,56900.0,58600.0,3425.0
2018-01-03,58600.0,58700.0,58000.0,58200.0,2351.0
2018-01-04,58000.0,58700.0,58000.0,58300.0,2751.0
2018-01-05,58300.0,58500.0,56900.0,58200.0,7874.0
2018-01-08,57700.0,58300.0,57000.0,57700.0,6648.0
2018-01-09,57700.0,58400.0,57200.0,58200.0,3539.0
2018-01-10,57600.0,58300.0,57300.0,58200.0,4774.0
2018-01-11,58200.0,58200.0,57500.0,57700.0,2224.0
2018-01-12,57700.0,59300.0,57700.0,59100.0,7573.0
2018-01-15,59900.0,60500.0,58600.0,60300.0,6406.0
2018-01-16,60500.0,60500.0,59200.0,59900.0,3436.0
2018-01-17,59900.0,60300.0,59200.0,60000.0,3586.0
2018-01-18,60500.0,61200.0,60200.0,61200.0,6677.0
2018-01-19,61200.0,61200.0,60300.0,60800.0,2908.0
2018-01-22,60600.0,60600.0,59500.0,59900.0,101217.0
2018-01-23,60000.0,61200.0,59900.0,60900.0,5634.0
2018-01-24,60900.0,61200.0,60600.0,61000.0,3034.0
2018-01-25,61000.0,61400.0,60700.0,61200.0,5498.0
2018-01-26,61400.0,61400.0,60100.0,61200.0,4548.0
2018-01-29,61500.0,62100.0,61200.0,61700.0,4750.0
2018-01-30,61300.0,61900.0,60600.0,60900.0,5563.0
2018-01-31,60900.0,61500.0,60500.0,61300.0,3559.0
2018-02-01,61300.0,62200.0,60900.0,62100.0,5180.0
2018-02-02,62200.0,62200.0,60900.0,61500.0,2975.0
2018-02-05,61500.0,61500.0,60000.0,60600.0,2216.0
2018-02-06,59800.0,61100.0,58900.0,60300.0,6040.0
2018-02-07,60400.0,61600.0,60000.0,60100.0,4688.0
2018-02-08,60100.0,60700.0,60100.0,60300.0,2071.0
2018-02-09,60300.0,60700.0,59000.0,59400.0,5018.0
2018-02-12,59400.0,60500.0,59400.0,59700.0,1994.0
2018-02-13,60500.0,60500.0,58600.0,59900.0,2331.0
2018-02-14,59800.0,60500.0,58800.0,60500.0,2121.0
2018-02-19,60500.0,60900.0,60000.0,60500.0,2612.0
2018-02-20,60100.0,60100.0,59000.0,59100.0,8755.0
2018-02-21,59200.0,59200.0,57400.0,57900.0,12334.0
2018-02-22,57600.0,58500.0,57600.0,58100.0,4974.0
2018-02-23,58100.0,58500.0,57500.0,57800.0,8747.0
2018-02-26,58400.0,59400.0,58300.0,59200.0,3187.0
2018-02-27,58700.0,59600.0,58700.0,59200.0,1978.0
2018-02-28,59300.0,59600.0,58900.0,59500.0,3257.0
2018-03-02,59700.0,60000.0,58800.0,59800.0,13387.0
2018-03-05,60000.0,60000.0,58700.0,59200.0,2899.0
2018-03-06,59000.0,59700.0,58300.0,58500.0,10007.0
2018-03-07,58500.0,58600.0,58100.0,58200.0,1699.0
2018-03-08,58200.0,58400.0,56600.0,57200.0,15957.0
2018-03-09,57600.0,59000.0,57500.0,58900.0,4271.0
2018-03-12,59300.0,59800.0,58500.0,59800.0,15132.0
2018-03-13,59800.0,59800.0,58700.0,59300.0,5809.0
2018-03-14,59300.0,59300.0,58400.0,58900.0,4070.0
2018-03-15,58500.0,59300.0,58500.0,59200.0,1566.0
2018-03-16,59200.0,59900.0,59000.0,59900.0,4848.0
2018-03-19,59500.0,60000.0,59300.0,59400.0,3458.0
2018-03-20,59400.0,59900.0,58200.0,59000.0,6584.0
2018-03-21,58600.0,59300.0,58600.0,58900.0,2280.0
2018-03-22,58900.0,59400.0,58700.0,58800.0,5681.0
2018-03-23,58600.0,59200.0,58300.0,58500.0,21578.0
2018-03-26,58500.0,58900.0,58100.0,58300.0,17286.0
2018-03-27,59000.0,59000.0,58600.0,58900.0,5694.0
2018-03-28,58700.0,59400.0,58400.0,58500.0,10647.0
2018-03-29,57000.0,57000.0,56400.0,56600.0,9165.0
2018-03-30,56700.0,57200.0,56200.0,57200.0,6686.0
2018-04-02,57300.0,57300.0,56800.0,57300.0,2518.0
2018-04-03,57300.0,57300.0,55900.0,56700.0,11853.0
2018-04-04,56700.0,57000.0,56500.0,56500.0,2342.0
2018-04-05,56600.0,57000.0,56400.0,56900.0,1857.0
2018-04-06,56900.0,57000.0,56300.0,57000.0,2475.0
2018-04-09,57000.0,57200.0,56500.0,57200.0,2159.0
2018-04-10,57500.0,57500.0,56700.0,56800.0,2704.0
2018-04-11,57000.0,57000.0,56200.0,56500.0,7007.0
2018-04-12,56900.0,57000.0,56300.0,56700.0,3563.0
2018-04-13,56800.0,56800.0,55300.0,55300.0,3526.0
2018-04-16,55600.0,56400.0,55500.0,56300.0,1321.0
2018-04-17,56500.0,56500.0,55700.0,56100.0,881.0
2018-04-18,56100.0,56400.0,55500.0,55600.0,8575.0
2018-04-19,55800.0,58600.0,55400.0,57400.0,12066.0
2018-04-20,57000.0,58500.0,56800.0,58300.0,4614.0
2018-04-23,57800.0,58500.0,57500.0,57500.0,1827.0
2018-04-24,58000.0,58000.0,57100.0,57600.0,2781.0
2018-04-25,57300.0,58100.0,57000.0,58100.0,3484.0
2018-04-26,58200.0,59000.0,57300.0,57800.0,5439.0
2018-04-27,57800.0,58600.0,57500.0,58400.0,2205.0
2018-04-30,58800.0,58900.0,58200.0,58500.0,2857.0
2018-05-02,58000.0,58200.0,57200.0,58000.0,5419.0
2018-05-03,58000.0,58100.0,57400.0,57700.0,2546.0
2018-05-04,57700.0,58200.0,57300.0,57800.0,3394.0
2018-05-08,57900.0,58100.0,56400.0,56800.0,3472.0
2018-05-09,57200.0,57200.0,55900.0,56500.0,6931.0
2018-05-10,57200.0,57200.0,56000.0,56900.0,5645.0
2018-05-11,56900.0,58500.0,56900.0,58300.0,6076.0
2018-05-14,58700.0,58700.0,57500.0,58300.0,4647.0
2018-05-15,58200.0,58200.0,57000.0,57700.0,6221.0
2018-05-16,57400.0,57400.0,55700.0,56100.0,9229.0
2018-05-17,57000.0,57500.0,56700.0,57100.0,5106.0
2018-05-18,57300.0,57500.0,57000.0,57500.0,4413.0
2018-05-21,57700.0,57700.0,57300.0,57500.0,4510.0
2018-05-23,57700.0,57900.0,57200.0,57700.0,4892.0
2018-05-24,57900.0,58500.0,57700.0,58100.0,5017.0
2018-05-25,57600.0,58400.0,57500.0,58000.0,7764.0
2018-05-28,58400.0,58900.0,57900.0,58500.0,2965.0
2018-05-29,58500.0,58900.0,58400.0,58600.0,2860.0
2018-05-30,58600.0,58600.0,57900.0,57900.0,4839.0
2018-05-31,57900.0,58700.0,57100.0,57100.0,5712.0
2018-06-01,57200.0,58700.0,57200.0,57900.0,2703.0
2018-06-04,57400.0,58500.0,57400.0,57900.0,2965.0
2018-06-05,58000.0,58400.0,57900.0,58400.0,3420.0
2018-06-07,58400.0,58600.0,58100.0,58200.0,5493.0
2018-06-08,58300.0,58700.0,58100.0,58100.0,4426.0
2018-06-11,58100.0,58700.0,58100.0,58600.0,1784.0
2018-06-12,59100.0,59100.0,58300.0,58300.0,5671.0
2018-06-14,58300.0,59000.0,57500.0,59000.0,16133.0
2018-06-15,59000.0,59400.0,58100.0,59400.0,11033.0
2018-06-18,59400.0,59400.0,58200.0,58600.0,3075.0
2018-06-19,58600.0,58600.0,56000.0,56200.0,18848.0
2018-06-20,57100.0,57200.0,56200.0,57200.0,2202.0
2018-06-21,57200.0,57400.0,56900.0,57100.0,3697.0
2018-06-22,57000.0,57900.0,56900.0,56900.0,3454.0
2018-06-25,57400.0,57800.0,57300.0,57800.0,2001.0
2018-06-26,56800.0,57400.0,56700.0,56900.0,7854.0
2018-06-27,57400.0,57400.0,56300.0,57000.0,3999.0
2018-06-28,56800.0,57200.0,56700.0,56700.0,1594.0
2018-06-29,56900.0,57100.0,56400.0,56700.0,4009.0
2018-07-02,56600.0,57200.0,56400.0,56500.0,2929.0
2018-07-03,56300.0,57000.0,56300.0,56500.0,1732.0
2018-07-04,56900.0,57100.0,56600.0,56700.0,2103.0
2018-07-05,56400.0,57500.0,56400.0,56600.0,1497.0
2018-07-06,56400.0,57500.0,56100.0,56500.0,6260.0
2018-07-09,56500.0,57000.0,56500.0,56700.0,1569.0
2018-07-10,56900.0,57100.0,56800.0,56800.0,805.0
2018-07-11,57100.0,57200.0,56600.0,57000.0,813.0
2018-07-12,56600.0,57100.0,56600.0,57000.0,1761.0
2018-07-13,57400.0,57400.0,55900.0,56400.0,5698.0
2018-07-16,56400.0,56800.0,56400.0,56500.0,989.0
2018-07-17,56500.0,56800.0,56500.0,56600.0,2026.0
2018-07-18,56700.0,56900.0,56600.0,56700.0,992.0
2018-07-19,56600.0,57100.0,56600.0,56700.0,3396.0
2018-07-20,56600.0,57100.0,56600.0,56700.0,981.0
2018-07-23,56700.0,57100.0,56600.0,56700.0,4712.0
2018-07-24,57100.0,57200.0,55900.0,57000.0,3192.0
2018-07-25,57200.0,57400.0,56900.0,56900.0,2890.0
2018-07-26,57100.0,58000.0,56900.0,57700.0,5713.0
2018-07-27,57300.0,57700.0,57300.0,57300.0,2679.0
2018-07-30,57000.0,57300.0,57000.0,57200.0,395.0
2018-07-31,57400.0,58000.0,57300.0,57900.0,1104.0
2018-08-01,58500.0,58500.0,57800.0,58000.0,2853.0
2018-08-02,58000.0,59300.0,57200.0,57200.0,5887.0
2018-08-03,58700.0,58700.0,57500.0,58200.0,120.0
2018-08-06,58100.0,59000.0,58000.0,58700.0,1978.0
2018-08-07,58700.0,58700.0,58300.0,58400.0,553.0
2018-08-08,58400.0,59000.0,58400.0,58500.0,4705.0
2018-08-09,58300.0,58900.0,58300.0,58800.0,3299.0
2018-08-10,58800.0,59000.0,58400.0,59000.0,3065.0
2018-08-13,59000.0,59200.0,58200.0,58400.0,2025.0
2018-08-14,58400.0,58700.0,57700.0,58100.0,618.0
2018-08-16,58600.0,58600.0,57700.0,58200.0,584.0
2018-08-17,58700.0,59000.0,58600.0,58600.0,6629.0
2018-08-20,59000.0,59000.0,58500.0,58700.0,1560.0
2018-08-21,58600.0,59000.0,58000.0,58600.0,1557.0
2018-08-22,58100.0,58600.0,58100.0,58300.0,831.0
2018-08-23,58200.0,58300.0,58000.0,58300.0,349.0
2018-08-24,57700.0,58000.0,57700.0,57800.0,1079.0
2018-08-27,57700.0,58400.0,57300.0,58400.0,1325.0
2018-08-28,58300.0,58800.0,58200.0,58800.0,812.0
2018-08-29,58100.0,58800.0,57900.0,58200.0,456.0
2018-08-30,58200.0,59300.0,58000.0,59100.0,1696.0
2018-08-31,58900.0,59200.0,58300.0,59100.0,2039.0
2018-09-03,59100.0,59300.0,58500.0,59000.0,716.0
2018-09-04,59300.0,59300.0,58300.0,58700.0,856.0
2018-09-05,58800.0,59200.0,58400.0,58400.0,497.0
2018-09-06,59100.0,59300.0,58300.0,58300.0,1931.0
2018-09-07,57700.0,58900.0,57700.0,58800.0,599.0
2018-09-10,58800.0,58800.0,58300.0,58500.0,1714.0
2018-09-11,58400.0,58500.0,58200.0,58400.0,1261.0
2018-09-12,58100.0,58500.0,58000.0,58200.0,4021.0
2018-09-13,57900.0,58400.0,57900.0,58400.0,1909.0
2018-09-14,58400.0,58500.0,58000.0,58500.0,1655.0
2018-09-17,58500.0,58500.0,58200.0,58300.0,1330.0
2018-09-18,58300.0,58400.0,58100.0,58400.0,523.0
2018-09-19,58400.0,58500.0,58200.0,58400.0,953.0
2018-09-20,57800.0,58600.0,57500.0,58000.0,1823.0
2018-09-21,58000.0,58300.0,57000.0,57900.0,2311.0
2018-09-27,57100.0,58400.0,57100.0,58400.0,1061.0
2018-09-28,58800.0,58800.0,57700.0,58300.0,908.0
2018-10-01,58800.0,58800.0,58000.0,58500.0,1196.0
2018-10-02,58500.0,58600.0,57900.0,58300.0,332.0
2018-10-04,58800.0,59400.0,57800.0,58000.0,1358.0
2018-10-05,58000.0,58700.0,57300.0,58500.0,1187.0
2018-10-08,58400.0,58700.0,58100.0,58600.0,580.0
2018-10-10,58600.0,58600.0,57400.0,57400.0,1305.0
2018-10-11,57100.0,57400.0,55600.0,56000.0,7297.0
2018-10-12,55800.0,57000.0,55600.0,56000.0,12182.0
2018-10-15,56000.0,56400.0,55300.0,55800.0,698.0
2018-10-16,55800.0,56900.0,54800.0,55500.0,2886.0
2018-10-17,56800.0,57300.0,55100.0,55100.0,2567.0
2018-10-18,55700.0,56700.0,55500.0,56700.0,8444.0
2018-10-19,56700.0,57700.0,56600.0,57600.0,1332.0
2018-10-22,57600.0,58000.0,57600.0,57800.0,2096.0
2018-10-23,57200.0,58000.0,57000.0,57700.0,2245.0
2018-10-24,57100.0,57600.0,57100.0,57500.0,622.0
2018-10-25,57300.0,57300.0,55900.0,55900.0,1032.0
2018-10-26,56000.0,57000.0,55800.0,56700.0,2995.0
2018-10-29,55800.0,56500.0,55700.0,56000.0,3170.0
2018-10-30,54800.0,55900.0,54800.0,55700.0,6893.0
2018-10-31,55300.0,56800.0,55000.0,56800.0,9131.0
2018-11-01,57100.0,57200.0,56100.0,56400.0,4833.0
2018-11-02,56400.0,57300.0,56400.0,57200.0,877.0
2018-11-05,56700.0,57200.0,56300.0,57200.0,2626.0
2018-11-06,56500.0,57700.0,55700.0,56600.0,16600.0
2018-11-07,56600.0,56800.0,55600.0,55800.0,3276.0
2018-11-08,56300.0,56600.0,56200.0,56200.0,825.0
2018-11-09,56200.0,56800.0,56200.0,56800.0,763.0
2018-11-12,56800.0,56900.0,56200.0,56800.0,907.0
2018-11-13,56600.0,57100.0,56300.0,57100.0,3781.0
2018-11-14,57100.0,57400.0,57000.0,57300.0,799.0
2018-11-15,57300.0,57600.0,57300.0,57300.0,932.0
2018-11-16,57600.0,58100.0,57300.0,58100.0,3478.0
2018-11-19,58100.0,58900.0,58000.0,58900.0,1366.0
2018-11-20,58500.0,59000.0,58200.0,58700.0,1256.0
2018-11-21,58200.0,58800.0,58200.0,58700.0,591.0
2018-11-22,58500.0,58700.0,58200.0,58200.0,2305.0
2018-11-23,57900.0,58300.0,57900.0,58300.0,448.0
2018-11-26,58100.0,58300.0,58100.0,58300.0,326.0
2018-11-27,58500.0,58600.0,58100.0,58600.0,1931.0
2018-11-28,58600.0,58900.0,58100.0,58800.0,3092.0
2018-11-29,59000.0,59100.0,58700.0,59100.0,4547.0
2018-11-30,58900.0,59100.0,58400.0,58400.0,3934.0
2018-12-03,58400.0,58800.0,58100.0,58200.0,490.0
2018-12-04,58200.0,58800.0,58100.0,58200.0,707.0
2018-12-05,58000.0,58600.0,58000.0,58200.0,530.0
2018-12-06,58000.0,58900.0,58000.0,58300.0,835.0
2018-12-07,58200.0,58700.0,58000.0,58000.0,1257.0
2018-12-10,58000.0,58600.0,57600.0,57800.0,955.0
2018-12-11,58100.0,58500.0,57700.0,58000.0,890.0
2018-12-12,58900.0,58900.0,58100.0,58700.0,1314.0
2018-12-13,58100.0,59200.0,58100.0,59200.0,1564.0
2018-12-14,59100.0,60600.0,59100.0,60600.0,7799.0
2018-12-17,60000.0,60400.0,58700.0,59200.0,6718.0
2018-12-18,59200.0,59800.0,58900.0,59500.0,2080.0
2018-12-19,59500.0,59900.0,59000.0,59400.0,3064.0
2018-12-20,59400.0,59500.0,59100.0,59200.0,1085.0
2018-12-21,59000.0,60000.0,58900.0,60000.0,4604.0
2018-12-24,59900.0,59900.0,59400.0,59600.0,2673.0
2018-12-26,59600.0,59700.0,59000.0,59300.0,3256.0
2018-12-27,59800.0,59800.0,58700.0,58800.0,1353.0
2018-12-28,58600.0,59300.0,58500.0,59000.0,1198.0
2019-01-02,59000.0,59000.0,58000.0,58300.0,670.0
2019-01-03,58300.0,59500.0,58300.0,58900.0,1778.0
2019-01-04,58800.0,59000.0,58400.0,58400.0,3489.0
2019-01-07,58400.0,59400.0,58400.0,58900.0,1000.0
2019-01-08,59400.0,59400.0,58600.0,58900.0,1588.0
2019-01-09,59500.0,59700.0,59000.0,59400.0,3114.0
2019-01-10,59400.0,59800.0,59200.0,59600.0,866.0
2019-01-11,59300.0,59900.0,59300.0,59400.0,280.0
2019-01-14,58600.0,60400.0,58600.0,60400.0,4320.0
2019-01-15,60300.0,60700.0,60300.0,60500.0,2298.0
2019-01-16,60500.0,60800.0,60200.0,60600.0,5251.0
2019-01-17,60600.0,61400.0,60400.0,61000.0,6048.0
2019-01-18,60600.0,60800.0,60100.0,60700.0,797.0
2019-01-21,60200.0,60700.0,60200.0,60200.0,411.0
2019-01-22,60200.0,60200.0,59900.0,60000.0,610.0
2019-01-23,60000.0,60700.0,60000.0,60700.0,716.0
2019-01-24,60700.0,61300.0,60500.0,60800.0,1459.0
2019-01-25,60700.0,61500.0,60300.0,61100.0,1233.0
2019-01-28,61100.0,61100.0,59100.0,59200.0,5783.0
2019-01-29,59100.0,59800.0,59000.0,59100.0,1811.0
2019-01-30,59000.0,59800.0,58600.0,58700.0,5225.0
2019-01-31,58700.0,59600.0,58700.0,59400.0,2579.0
2019-02-01,60400.0,60400.0,59300.0,59900.0,940.0
2019-02-07,59700.0,60200.0,59700.0,60100.0,5490.0
2019-02-08,60600.0,60600.0,59700.0,60200.0,2057.0
2019-02-11,60200.0,60500.0,59700.0,59900.0,1140.0
2019-02-12,59600.0,60900.0,59400.0,59600.0,5549.0
2019-02-13,59500.0,60400.0,59300.0,60000.0,2408.0
2019-02-14,59800.0,60300.0,59800.0,60200.0,4750.0
2019-02-15,60400.0,60400.0,59200.0,59300.0,8525.0
2019-02-18,59300.0,59700.0,59200.0,59200.0,2973.0
2019-02-19,59200.0,59900.0,59200.0,59700.0,2598.0
2019-02-20,59700.0,60800.0,59400.0,60000.0,4382.0
2019-02-21,60000.0,60800.0,59500.0,59500.0,7005.0
2019-02-22,59700.0,60200.0,59600.0,59700.0,4452.0
2019-02-25,60300.0,60300.0,59700.0,59900.0,5289.0
2019-02-26,60600.0,60600.0,59800.0,60000.0,1421.0
2019-02-27,60400.0,60400.0,60000.0,60100.0,5113.0
2019-02-28,60200.0,61000.0,60200.0,60600.0,4064.0
2019-03-04,60600.0,60900.0,60300.0,60800.0,2689.0
2019-03-05,60300.0,60700.0,60300.0,60500.0,2511.0
2019-03-06,60800.0,60800.0,60300.0,60400.0,1502.0
2019-03-07,60400.0,60600.0,59900.0,60100.0,3546.0
2019-03-08,60100.0,60100.0,59700.0,59800.0,1558.0
2019-03-11,59500.0,59800.0,59400.0,59500.0,4216.0
2019-03-12,59500.0,59900.0,59500.0,59900.0,3376.0
2019-03-13,60000.0,60300.0,59700.0,59800.0,935.0
2019-03-14,59800.0,60100.0,59400.0,60100.0,4715.0
2019-03-15,60100.0,60500.0,59900.0,60400.0,64366.0
2019-03-18,59900.0,60800.0,59900.0,60300.0,1746.0
2019-03-19,60300.0,60600.0,59900.0,60200.0,1615.0
2019-03-20,60000.0,60300.0,59600.0,60200.0,1699.0
2019-03-21,60200.0,60500.0,60100.0,60400.0,2750.0
2019-03-22,60400.0,60700.0,60100.0,60700.0,4577.0
2019-03-25,60500.0,60500.0,60000.0,60200.0,4542.0
2019-03-26,60200.0,60300.0,59900.0,60000.0,5118.0
2019-03-27,60300.0,60700.0,59900.0,60700.0,13905.0
2019-03-28,58900.0,58900.0,58100.0,58300.0,8591.0
2019-03-29,58300.0,58300.0,56700.0,57500.0,6806.0
2019-04-01,58300.0,58300.0,57600.0,58200.0,1197.0
2019-04-02,58200.0,59200.0,58200.0,59100.0,4556.0
2019-04-03,59300.0,60000.0,59200.0,59900.0,6877.0
2019-04-04,60000.0,60000.0,59100.0,59900.0,2677.0
2019-04-05,59300.0,60000.0,59200.0,59900.0,2326.0
2019-04-08,59900.0,59900.0,59200.0,59200.0,1058.0
2019-04-09,59700.0,59700.0,58800.0,59600.0,1697.0
2019-04-10,58800.0,59200.0,58600.0,59000.0,1597.0
2019-04-11,58700.0,59000.0,58200.0,58900.0,1170.0
2019-04-12,58700.0,59500.0,58000.0,59500.0,3473.0
2019-04-15,59500.0,59500.0,58900.0,59400.0,921.0
2019-04-16,59400.0,59400.0,58600.0,59400.0,2514.0
2019-04-17,59300.0,59400.0,58800.0,59100.0,3359.0
2019-04-18,59100.0,59400.0,58400.0,58400.0,5443.0
2019-04-19,58100.0,58500.0,57700.0,58000.0,2249.0
2019-04-22,58000.0,58300.0,57900.0,58000.0,963.0
2019-04-23,58000.0,58400.0,57900.0,57900.0,2036.0
2019-04-24,58000.0,58300.0,57800.0,57900.0,2407.0
2019-04-25,58000.0,58700.0,57900.0,58700.0,1408.0
2019-04-26,58400.0,58400.0,57900.0,58200.0,1249.0
2019-04-29,57900.0,58700.0,57900.0,58400.0,1091.0
2019-04-30,58400.0,58900.0,58100.0,58800.0,1103.0
2019-05-02,58100.0,59300.0,58100.0,59300.0,944.0
2019-05-03,59000.0,59000.0,58300.0,58700.0,897.0
2019-05-07,58700.0,58700.0,58300.0,58400.0,864.0
2019-05-08,58400.0,59300.0,58300.0,59200.0,2192.0
2019-05-09,59300.0,59400.0,58600.0,59200.0,3217.0
2019-05-10,59200.0,59200.0,58100.0,58700.0,1282.0
2019-05-13,58700.0,58700.0,57800.0,57900.0,2507.0
2019-05-14,57900.0,58900.0,57700.0,58500.0,2100.0
2019-05-15,58700.0,58700.0,58000.0,58500.0,1185.0
2019-05-16,58600.0,58600.0,58200.0,58600.0,1082.0
2019-05-17,58100.0,59000.0,57900.0,58000.0,1067.0
2019-05-20,59000.0,59000.0,58000.0,58200.0,859.0
2019-05-21,57900.0,58600.0,57900.0,57900.0,760.0
2019-05-22,58400.0,58400.0,57200.0,57500.0,2330.0
2019-05-23,57500.0,58200.0,57400.0,57600.0,1166.0
2019-05-24,57600.0,58000.0,57300.0,57600.0,1739.0
2019-05-27,57600.0,57800.0,57400.0,57400.0,1455.0
2019-05-28,58400.0,59200.0,57500.0,59200.0,4632.0
2019-05-29,59200.0,59200.0,57600.0,57700.0,2358.0
2019-05-30,57500.0,58400.0,57200.0,57400.0,2331.0
2019-05-31,57400.0,57700.0,57100.0,57100.0,2716.0
2019-06-03,57100.0,57400.0,56800.0,57300.0,4245.0
2019-06-04,57000.0,57300.0,56700.0,57000.0,3855.0
2019-06-05,57300.0,57300.0,56900.0,57000.0,2195.0
2019-06-07,57100.0,57100.0,56800.0,56900.0,1725.0
2019-06-10,57000.0,57800.0,56700.0,57100.0,8433.0
2019-06-11,57200.0,57800.0,57000.0,57100.0,1833.0
2019-06-12,57100.0,58400.0,57000.0,58100.0,1539.0
2019-06-13,58100.0,58300.0,57100.0,58200.0,2177.0
2019-06-14,58300.0,58400.0,57500.0,57500.0,1987.0
2019-06-17,57900.0,59200.0,57900.0,58700.0,3815.0
2019-06-18,58700.0,59400.0,58600.0,58900.0,1509.0
2019-06-19,58900.0,59400.0,58600.0,58800.0,2267.0
2019-06-20,58800.0,59100.0,58500.0,59100.0,1329.0
2019-06-21,59100.0,59700.0,58900.0,59400.0,2425.0
2019-06-24,59500.0,60400.0,59300.0,60000.0,7124.0
2019-06-25,60000.0,60400.0,59500.0,60000.0,6441.0
2019-06-26,60300.0,60300.0,59700.0,60000.0,2136.0
2019-06-27,60000.0,60700.0,59900.0,60100.0,6092.0
2019-06-28,60100.0,60600.0,60000.0,60200.0,3165.0
2019-07-01,60600.0,60600.0,60000.0,60000.0,1582.0
2019-07-02,60000.0,60400.0,60000.0,60400.0,702.0
2019-07-03,60400.0,60400.0,59800.0,59800.0,2458.0
2019-07-04,59800.0,60000.0,59300.0,59700.0,3043.0
2019-07-05,59700.0,60200.0,59700.0,60100.0,577.0
2019-07-08,60100.0,60100.0,59100.0,59400.0,1827.0
2019-07-09,59000.0,59500.0,59000.0,59100.0,876.0
2019-07-10,59400.0,59400.0,58700.0,58900.0,1168.0
2019-07-11,59200.0,59400.0,58800.0,59000.0,2728.0
2019-07-12,58700.0,59600.0,58400.0,59200.0,1846.0
2019-07-15,59600.0,59600.0,58500.0,59200.0,992.0
2019-07-16,59200.0,59500.0,58900.0,59000.0,1827.0
2019-07-17,59300.0,59300.0,58600.0,58600.0,3743.0
2019-07-18,58200.0,59700.0,58200.0,59300.0,3229.0
2019-07-19,59800.0,60100.0,59000.0,60100.0,2366.0
2019-07-22,60100.0,60500.0,59800.0,60000.0,1980.0
2019-07-23,60300.0,60300.0,59900.0,60000.0,1882.0
2019-07-24,60000.0,60100.0,59200.0,60000.0,1598.0
2019-07-25,60000.0,60600.0,59700.0,60000.0,2065.0
2019-07-26,59900.0,60200.0,59900.0,60000.0,2157.0
2019-07-29,60800.0,60800.0,59200.0,59500.0,4062.0
2019-07-30,59000.0,59200.0,58600.0,58800.0,2532.0
2019-07-31,58800.0,58900.0,58700.0,58800.0,778.0
2019-08-01,58700.0,58900.0,58200.0,58600.0,1372.0
2019-08-02,58600.0,58800.0,57900.0,58500.0,1671.0
2019-08-05,59300.0,59300.0,57400.0,57600.0,6521.0
2019-08-06,57300.0,58400.0,56000.0,56200.0,16922.0
2019-08-07,55600.0,57500.0,55600.0,57100.0,2562.0
2019-08-08,57200.0,57300.0,56900.0,57300.0,3063.0
2019-08-09,56600.0,57300.0,56600.0,56900.0,2696.0
2019-08-12,56900.0,57100.0,56200.0,56900.0,2212.0
2019-08-13,56900.0,57000.0,56600.0,56900.0,5288.0
2019-08-14,56900.0,57100.0,56800.0,56900.0,6740.0
2019-08-16,56800.0,59900.0,56300.0,56300.0,5913.0
2019-08-19,56400.0,56500.0,56100.0,56400.0,5480.0
2019-08-20,56500.0,57600.0,56300.0,56900.0,8772.0
2019-08-21,57000.0,57000.0,56300.0,56900.0,7614.0
2019-08-22,56900.0,56900.0,56100.0,56300.0,6640.0
2019-08-23,56300.0,57600.0,55700.0,56100.0,1828.0
2019-08-26,56100.0,56500.0,55600.0,56100.0,4925.0
2019-08-27,56200.0,56400.0,56200.0,56400.0,5810.0
2019-08-28,56300.0,56600.0,56000.0,56000.0,726.0
2019-08-29,56200.0,56200.0,55900.0,55900.0,1380.0
2019-08-30,56000.0,57100.0,55700.0,56400.0,7628.0
2019-09-02,56400.0,56400.0,55800.0,56200.0,2153.0
2019-09-03,56000.0,56200.0,55700.0,56000.0,2849.0
2019-09-04,55900.0,56200.0,55800.0,56100.0,3204.0
2019-09-05,56000.0,56500.0,55900.0,56100.0,14890.0
2019-09-06,56700.0,56700.0,55800.0,56100.0,7242.0
2019-09-09,56100.0,56800.0,56000.0,56000.0,2946.0
2019-09-10,56000.0,56500.0,55900.0,56200.0,10763.0
2019-09-11,56300.0,56400.0,56000.0,56000.0,8979.0
2019-09-16,56100.0,56200.0,56000.0,56200.0,10659.0
2019-09-17,56600.0,57000.0,56300.0,56700.0,3885.0
2019-09-18,56500.0,57300.0,56500.0,57200.0,7141.0
2019-09-19,57200.0,57300.0,56500.0,57100.0,6354.0
2019-09-20,57000.0,57600.0,55900.0,55900.0,19291.0
2019-09-23,56500.0,56500.0,56000.0,56200.0,7874.0
2019-09-24,56600.0,56600.0,55800.0,56200.0,7267.0
2019-09-25,56200.0,56300.0,55900.0,55900.0,4651.0
2019-09-26,55900.0,56900.0,55900.0,56000.0,1939.0
2019-09-27,56000.0,56100.0,55500.0,55500.0,3180.0
2019-09-30,55900.0,56000.0,55600.0,55600.0,1574.0
2019-10-01,55600.0,56200.0,55600.0,56200.0,875.0
2019-10-02,56100.0,56100.0,55400.0,55400.0,3284.0
2019-10-04,55000.0,55400.0,55000.0,55000.0,3797.0
2019-10-07,55000.0,55400.0,55000.0,55000.0,1585.0
2019-10-08,55000.0,55500.0,54900.0,55200.0,2038.0
2019-10-10,55200.0,55300.0,54700.0,55000.0,2715.0
2019-10-11,55000.0,55200.0,54800.0,54800.0,2101.0
2019-10-14,54900.0,55400.0,54800.0,54900.0,1888.0
2019-10-15,54900.0,56000.0,54900.0,55800.0,2098.0
2019-10-16,55700.0,55800.0,55300.0,55700.0,673.0
2019-10-17,56100.0,56700.0,55700.0,56300.0,7840.0
2019-10-18,56400.0,56400.0,55800.0,56300.0,6379.0
2019-10-21,56300.0,56400.0,55800.0,55900.0,4527.0
2019-10-22,55800.0,56200.0,55200.0,55300.0,7612.0
2019-10-23,55300.0,55500.0,54800.0,54900.0,13577.0
2019-10-24,54900.0,55000.0,54400.0,54700.0,19060.0
2019-10-25,54700.0,54900.0,54200.0,54400.0,7779.0
2019-10-28,54700.0,54700.0,54200.0,54300.0,8468.0
2019-10-29,54300.0,54400.0,54100.0,54200.0,36480.0
2019-10-30,54200.0,55200.0,54000.0,55100.0,8508.0
2019-10-31,55200.0,55200.0,54400.0,55200.0,10320.0
2019-11-01,55200.0,55300.0,54900.0,54900.0,2645.0
2019-11-04,54900.0,55100.0,54700.0,55100.0,3291.0
2019-11-05,54800.0,55100.0,54700.0,55000.0,2415.0
2019-11-06,55000.0,55100.0,54800.0,55100.0,698.0
2019-11-07,55100.0,55500.0,54800.0,55000.0,3046.0
2019-11-08,54900.0,55300.0,54900.0,55300.0,1744.0
2019-11-11,55300.0,55400.0,55000.0,55100.0,1646.0
2019-11-12,55100.0,55500.0,54700.0,54900.0,1610.0
2019-11-13,55200.0,55200.0,54900.0,54900.0,1387.0
2019-11-14,54900.0,55100.0,54700.0,54700.0,2505.0
2019-11-15,54500.0,55100.0,54400.0,55100.0,3136.0
2019-11-18,54800.0,55100.0,54500.0,55000.0,5178.0
2019-11-19,54900.0,54900.0,54500.0,54700.0,1233.0
2019-11-20,54600.0,54800.0,54400.0,54400.0,1966.0
2019-11-21,54400.0,54500.0,54200.0,54300.0,2127.0
2019-11-22,54200.0,54400.0,54100.0,54400.0,1197.0
2019-11-25,54400.0,54600.0,54200.0,54300.0,788.0
2019-11-26,54300.0,54700.0,54200.0,54400.0,1835.0
2019-11-27,54800.0,54800.0,54300.0,54400.0,884.0
2019-11-28,54800.0,54800.0,54300.0,54400.0,661.0
2019-11-29,55000.0,55000.0,54100.0,54300.0,1362.0
2019-12-02,54200.0,54800.0,54000.0,54300.0,1174.0
2019-12-03,54300.0,54500.0,54200.0,54400.0,881.0
2019-12-04,54400.0,54400.0,54000.0,54400.0,1746.0
2019-12-05,54000.0,54200.0,53800.0,54000.0,4397.0
2019-12-06,53500.0,54000.0,53400.0,53800.0,4923.0
2019-12-09,53500.0,53500.0,52600.0,53000.0,13258.0
2019-12-10,53100.0,53100.0,52800.0,52900.0,2104.0
2019-12-11,53100.0,53100.0,52600.0,52700.0,1754.0
2019-12-12,52800.0,53000.0,52500.0,53000.0,6907.0
2019-12-13,52900.0,53200.0,52800.0,53100.0,4188.0
2019-12-16,53000.0,53400.0,52800.0,53100.0,6326.0
2019-12-17,53000.0,55100.0,52800.0,55100.0,19827.0
2019-12-18,54500.0,54900.0,54300.0,54700.0,2063.0
2019-12-19,54500.0,54800.0,53900.0,54600.0,2839.0
2019-12-20,54600.0,55000.0,54200.0,55000.0,2553.0
2019-12-23,54400.0,54900.0,54200.0,54500.0,1988.0
2019-12-24,54900.0,55800.0,54300.0,54500.0,6085.0
2019-12-26,55400.0,55400.0,54100.0,54400.0,5538.0
2019-12-27,53800.0,55100.0,53800.0,54400.0,4954.0
2019-12-30,54300.0,54700.0,54300.0,54400.0,4253.0
2020-01-02,54400.0,54800.0,54200.0,54700.0,666.0
2020-01-03,54200.0,55400.0,54200.0,54800.0,1508.0
2020-01-06,55000.0,55000.0,54000.0,54400.0,4529.0
2020-01-07,54800.0,54800.0,54100.0,54100.0,1948.0
2020-01-08,54400.0,54400.0,53500.0,54000.0,7302.0
2020-01-09,53800.0,54400.0,53800.0,53900.0,2904.0
2020-01-10,53900.0,54400.0,53700.0,53900.0,839.0
2020-01-13,53700.0,54200.0,53500.0,53900.0,2588.0
2020-01-14,53600.0,54000.0,53600.0,53800.0,1659.0
2020-01-15,53900.0,54200.0,53400.0,53400.0,5967.0
2020-01-16,53700.0,53800.0,53500.0,53600.0,2584.0
2020-01-17,53800.0,53800.0,53400.0,53500.0,2477.0
2020-01-20,53500.0,53900.0,53500.0,53800.0,2130.0
2020-01-21,53500.0,53800.0,53500.0,53800.0,1342.0
2020-01-22,53600.0,54000.0,53400.0,53800.0,6765.0
2020-01-23,53600.0,54000.0,53200.0,53700.0,9243.0
2020-01-28,53100.0,53600.0,52700.0,53100.0,5649.0
2020-01-29,53500.0,53500.0,52600.0,52900.0,4551.0
2020-01-30,53000.0,53000.0,52600.0,52600.0,2092.0
2020-01-31,53000.0,53200.0,52600.0,53000.0,2625.0
2020-02-03,52900.0,52900.0,52300.0,52600.0,3050.0
2020-02-04,52600.0,52800.0,52500.0,52500.0,4147.0
2020-02-05,52400.0,53200.0,52400.0,52500.0,3143.0
2020-02-06,52400.0,52900.0,52400.0,52700.0,1499.0
2020-02-07,52700.0,52800.0,52600.0,52700.0,2190.0
2020-02-10,52600.0,52700.0,52400.0,52600.0,3250.0
2020-02-11,52800.0,52900.0,52500.0,52900.0,1407.0
2020-02-12,52900.0,53000.0,52600.0,52800.0,2738.0
2020-02-13,52900.0,52900.0,52500.0,52600.0,1976.0
2020-02-14,52600.0,52800.0,52500.0,52600.0,3008.0
2020-02-17,53500.0,53500.0,52600.0,53000.0,4789.0
2020-02-18,53200.0,53200.0,52700.0,52700.0,3084.0
2020-02-19,52700.0,52900.0,52500.0,52600.0,3234.0
2020-02-20,52900.0,52900.0,52400.0,52400.0,3410.0
2020-02-21,52700.0,52700.0,52100.0,52300.0,6526.0
2020-02-24,52000.0,52000.0,51000.0,51200.0,36605.0
2020-02-25,51300.0,51300.0,51000.0,51100.0,3302.0
2020-02-26,51100.0,51100.0,50300.0,50500.0,3006.0
2020-02-27,50200.0,51000.0,50000.0,50200.0,5590.0
2020-02-28,50000.0,50000.0,49450.0,49650.0,3796.0
2020-03-02,49800.0,49800.0,49000.0,49600.0,4986.0
2020-03-03,49800.0,50800.0,49800.0,50400.0,6896.0
2020-03-04,50300.0,51200.0,50200.0,50900.0,3547.0
2020-03-05,50900.0,51600.0,50600.0,51500.0,11012.0
2020-03-06,51400.0,51600.0,51000.0,51600.0,7255.0
2020-03-09,51600.0,51600.0,49950.0,50400.0,4858.0
2020-03-10,50300.0,50300.0,49750.0,50200.0,2878.0
2020-03-11,50200.0,50700.0,49800.0,49950.0,1799.0
2020-03-12,49950.0,49950.0,48100.0,48200.0,9174.0
2020-03-13,47000.0,48150.0,45000.0,47100.0,5692.0
2020-03-16,47300.0,47800.0,45000.0,46500.0,15199.0
2020-03-17,46300.0,47000.0,45000.0,46000.0,15024.0
2020-03-18,46200.0,47150.0,45800.0,45800.0,27234.0
2020-03-19,45150.0,45500.0,41500.0,41900.0,19936.0
2020-03-20,40900.0,44450.0,40900.0,42900.0,11274.0
2020-03-23,42000.0,42400.0,39500.0,39600.0,26191.0
2020-03-24,39850.0,40950.0,39850.0,40400.0,13988.0
2020-03-25,41000.0,43500.0,41000.0,42350.0,8689.0
2020-03-26,42400.0,46000.0,42400.0,45450.0,13233.0
2020-03-27,46350.0,47350.0,46300.0,47100.0,13042.0
2020-03-30,45200.0,45550.0,44200.0,45350.0,12478.0
2020-03-31,45800.0,46050.0,45250.0,46050.0,8325.0
2020-04-01,46000.0,46350.0,43600.0,45850.0,8321.0
2020-04-02,45850.0,46000.0,45400.0,45950.0,4568.0
2020-04-03,46150.0,46150.0,45650.0,45950.0,1936.0
2020-04-06,46000.0,46100.0,45800.0,46050.0,5780.0
2020-04-07,46250.0,46450.0,46050.0,46300.0,7973.0
2020-04-08,46250.0,46300.0,45850.0,46200.0,4638.0
2020-04-09,46200.0,46350.0,45950.0,46300.0,2687.0
2020-04-10,46500.0,46500.0,45850.0,46500.0,8153.0
2020-04-13,46350.0,46450.0,45850.0,45900.0,5548.0
2020-04-14,46300.0,46300.0,45800.0,46200.0,5248.0
2020-04-16,46250.0,46250.0,45800.0,46000.0,5970.0
2020-04-17,45850.0,46500.0,45600.0,46250.0,8322.0
2020-04-20,46000.0,46400.0,45600.0,46400.0,7852.0
2020-04-21,46400.0,46400.0,44400.0,45400.0,4866.0
2020-04-22,44200.0,45350.0,44200.0,44750.0,6427.0
2020-04-23,44950.0,44950.0,44400.0,44950.0,4562.0
2020-04-24,44850.0,44850.0,44000.0,44350.0,4571.0
2020-04-27,44350.0,44950.0,44350.0,44350.0,7102.0
2020-04-28,44700.0,44700.0,44050.0,44700.0,5023.0
2020-04-29,44350.0,46600.0,44350.0,46000.0,14108.0
2020-05-04,46000.0,46000.0,44000.0,45300.0,12317.0
2020-05-06,45600.0,45750.0,44600.0,45000.0,8800.0
2020-05-07,44500.0,45100.0,44500.0,45100.0,11105.0
2020-05-08,45100.0,45800.0,44600.0,44600.0,9327.0
2020-05-11,44800.0,44900.0,44400.0,44650.0,9337.0
2020-05-12,44650.0,44850.0,44100.0,44300.0,7467.0
2020-05-13,44500.0,44500.0,43400.0,43850.0,5047.0
2020-05-14,43900.0,44200.0,43550.0,44200.0,2673.0
2020-05-15,44500.0,44500.0,44050.0,44400.0,1547.0
2020-05-18,44050.0,44900.0,43900.0,44650.0,2842.0
2020-05-19,45200.0,45400.0,44550.0,45000.0,3494.0
2020-05-20,44750.0,45250.0,44500.0,44950.0,888.0
2020-05-21,45000.0,46000.0,43750.0,44900.0,7877.0
2020-05-22,44900.0,44950.0,44200.0,44250.0,2964.0
2020-05-25,44300.0,45000.0,44050.0,45000.0,2331.0
2020-05-26,45000.0,45000.0,44550.0,44600.0,2190.0
2020-05-27,44900.0,44900.0,44250.0,44300.0,3427.0
2020-05-28,45500.0,45500.0,44650.0,44650.0,5786.0
2020-05-29,44700.0,45000.0,44650.0,44650.0,7125.0
2020-06-01,45000.0,45500.0,44950.0,45400.0,3591.0
2020-06-02,45450.0,46250.0,45200.0,45900.0,3909.0
2020-06-03,46500.0,47350.0,46100.0,46550.0,18922.0
2020-06-04,46700.0,47500.0,46100.0,46100.0,15429.0
2020-06-05,45750.0,46550.0,45750.0,46050.0,6325.0
2020-06-08,47150.0,47150.0,45250.0,45500.0,23272.0
2020-06-09,45850.0,45900.0,45300.0,45500.0,4616.0
2020-06-10,45700.0,46250.0,45400.0,45750.0,4295.0
2020-06-11,45500.0,45850.0,45350.0,45850.0,14684.0
2020-06-12,44900.0,45300.0,44500.0,44850.0,4933.0
2020-06-15,44800.0,45700.0,43950.0,43950.0,5824.0
2020-06-16,44400.0,44600.0,43600.0,43600.0,19495.0
2020-06-17,43600.0,44150.0,43350.0,43850.0,13781.0
2020-06-18,44200.0,44650.0,43650.0,44250.0,7348.0
2020-06-19,44250.0,44500.0,43600.0,44200.0,7375.0
2020-06-22,43750.0,44350.0,43600.0,43600.0,5804.0
2020-06-23,43650.0,44050.0,43600.0,43600.0,2891.0
2020-06-24,43650.0,44150.0,43500.0,43600.0,5443.0
2020-06-25,43650.0,43900.0,43150.0,43450.0,4843.0
2020-06-26,43500.0,43650.0,43350.0,43500.0,1925.0
2020-06-29,43500.0,43500.0,42500.0,42500.0,7276.0
2020-06-30,43150.0,43150.0,42500.0,42600.0,2153.0
2020-07-01,42600.0,43050.0,42450.0,43000.0,1818.0
2020-07-02,42700.0,43550.0,42600.0,43000.0,2554.0
2020-07-03,43000.0,43650.0,42900.0,43100.0,2504.0
2020-07-06,43100.0,43800.0,43100.0,43450.0,4414.0
2020-07-07,43450.0,43850.0,43450.0,43700.0,2608.0
2020-07-08,43950.0,43950.0,43500.0,43600.0,2244.0
2020-07-09,43800.0,44500.0,43700.0,43900.0,4113.0
2020-07-10,44400.0,44400.0,43700.0,43800.0,2486.0
2020-07-13,44400.0,44450.0,43750.0,44250.0,2952.0
2020-07-14,44400.0,44400.0,43800.0,43950.0,1097.0
2020-07-15,44500.0,44500.0,43950.0,44000.0,6263.0
2020-07-16,44750.0,44750.0,43950.0,44000.0,1677.0
2020-07-17,44000.0,44500.0,43700.0,44200.0,4564.0
2020-07-20,44200.0,44500.0,43750.0,43950.0,10149.0
2020-07-21,44300.0,45400.0,43850.0,44800.0,12485.0
2020-07-22,44800.0,45400.0,44550.0,45050.0,6398.0
2020-07-23,45450.0,45450.0,44600.0,45000.0,5313.0
2020-07-24,45200.0,45200.0,44500.0,44500.0,4687.0
2020-07-27,44300.0,45100.0,44050.0,44850.0,8896.0
2020-07-28,45150.0,45150.0,44700.0,44800.0,3971.0
2020-07-29,44750.0,45200.0,44700.0,44750.0,3333.0
2020-07-30,44750.0,45450.0,44650.0,45450.0,4045.0
2020-07-31,45450.0,45450.0,44750.0,44750.0,2013.0
2020-08-03,44900.0,44950.0,44600.0,44600.0,2412.0
2020-08-04,44800.0,45250.0,44650.0,45000.0,4190.0
2020-08-05,45200.0,45900.0,45200.0,45500.0,10298.0
2020-08-06,45500.0,46200.0,45400.0,45600.0,4405.0
2020-08-07,46200.0,46200.0,45300.0,45850.0,4779.0
2020-08-10,45800.0,46450.0,45700.0,46450.0,10324.0
2020-08-11,51000.0,56000.0,48800.0,49900.0,91917.0
2020-08-12,49650.0,50900.0,48100.0,49700.0,15832.0
2020-08-13,49750.0,49950.0,48550.0,48800.0,14849.0
2020-08-14,48150.0,49150.0,47900.0,48050.0,6996.0
2020-08-18,48100.0,48100.0,46550.0,46600.0,6114.0
2020-08-19,46600.0,46950.0,46600.0,46650.0,8715.0
2020-08-20,47200.0,47200.0,44800.0,45300.0,6066.0
2020-08-21,46200.0,46200.0,45000.0,45150.0,4375.0
2020-08-24,45250.0,45500.0,45150.0,45250.0,7276.0
2020-08-25,45700.0,46250.0,45600.0,45950.0,21403.0
2020-08-26,46000.0,46100.0,45750.0,45800.0,20091.0
2020-08-27,45850.0,46850.0,45800.0,46000.0,12459.0
2020-08-28,46000.0,46600.0,46000.0,46100.0,3832.0
2020-08-31,46150.0,46450.0,46050.0,46150.0,8259.0
2020-09-01,46150.0,46500.0,46100.0,46300.0,3994.0
2020-09-02,46500.0,47800.0,46500.0,47300.0,16004.0
2020-09-03,47950.0,48200.0,47500.0,48200.0,9079.0
2020-09-04,47200.0,48800.0,46150.0,48300.0,15101.0
2020-09-07,48350.0,49350.0,48200.0,48250.0,7782.0
2020-09-08,48200.0,48900.0,48200.0,48350.0,2994.0
2020-09-09,48000.0,48100.0,47500.0,47500.0,14699.0
2020-09-10,47850.0,48300.0,47700.0,47900.0,12051.0
2020-09-11,47700.0,48200.0,47700.0,47750.0,12371.0
2020-09-14,47750.0,48300.0,47750.0,48000.0,4302.0
2020-09-15,47800.0,47850.0,47600.0,47750.0,12319.0
2020-09-16,47750.0,48050.0,47100.0,47250.0,13100.0
2020-09-17,47000.0,47300.0,46650.0,47300.0,13925.0
2020-09-18,47000.0,47550.0,46900.0,47200.0,10197.0
2020-09-21,47200.0,47300.0,46800.0,46800.0,8086.0
2020-09-22,46700.0,46700.0,46250.0,46250.0,6241.0
2020-09-23,46250.0,47050.0,45400.0,45850.0,5795.0
2020-09-24,45700.0,45850.0,45250.0,45600.0,8293.0
2020-09-25,45800.0,47000.0,45450.0,45800.0,3005.0
2020-09-28,45550.0,46900.0,45550.0,46350.0,2736.0
2020-09-29,46450.0,46800.0,46150.0,46800.0,2839.0
2020-10-05,47200.0,47200.0,46300.0,46900.0,519.0
2020-10-06,47350.0,49500.0,46550.0,46750.0,3185.0
2020-10-07,47000.0,47300.0,46450.0,46750.0,2421.0
2020-10-08,47500.0,47500.0,46350.0,46400.0,5901.0
2020-10-12,46450.0,46550.0,46350.0,46450.0,2154.0
2020-10-13,46450.0,46600.0,46300.0,46450.0,3118.0
2020-10-14,46250.0,46800.0,46100.0,46150.0,5028.0
2020-10-15,46650.0,46650.0,45950.0,46400.0,1892.0
2020-10-16,46050.0,46200.0,45200.0,45650.0,6655.0
2020-10-19,46000.0,46300.0,45350.0,45900.0,3500.0
2020-10-20,45050.0,46400.0,45050.0,45950.0,6067.0
2020-10-21,45950.0,46300.0,45700.0,46100.0,11152.0
2020-10-22,45600.0,47050.0,45550.0,46750.0,8963.0
2020-10-23,46750.0,47400.0,46700.0,47300.0,4645.0
2020-10-26,47700.0,47700.0,46600.0,46600.0,6098.0
2020-10-27,46350.0,46800.0,45750.0,46150.0,4672.0
2020-10-28,46100.0,46450.0,45950.0,46250.0,6041.0
2020-10-29,45700.0,46650.0,45700.0,46050.0,3065.0
2020-10-30,45800.0,46300.0,45750.0,45800.0,4705.0
2020-11-02,46500.0,46500.0,45800.0,46100.0,2176.0
2020-11-03,46150.0,46600.0,46150.0,46400.0,3231.0
2020-11-04,46450.0,47100.0,46450.0,47000.0,4156.0
2020-11-05,46600.0,47400.0,46600.0,47150.0,2398.0
2020-11-06,47550.0,47600.0,46400.0,46850.0,6197.0
2020-11-09,47000.0,47550.0,46900.0,47200.0,4058.0
2020-11-10,48100.0,48800.0,47650.0,48650.0,9209.0
2020-11-11,48500.0,49700.0,48450.0,49450.0,9344.0
2020-11-12,49900.0,49900.0,49000.0,49700.0,5408.0
2020-11-13,49500.0,49800.0,49000.0,49750.0,5692.0
2020-11-16,49600.0,50700.0,49600.0,50600.0,23763.0
2020-11-17,50100.0,50800.0,50100.0,50700.0,4416.0
2020-11-18,50400.0,51700.0,50400.0,51200.0,6148.0
2020-11-19,50700.0,51300.0,50400.0,51300.0,3074.0
2020-11-20,50200.0,51700.0,50200.0,51000.0,12472.0
2020-11-23,50700.0,52100.0,50700.0,51900.0,11898.0
2020-11-24,52400.0,52400.0,51700.0,51900.0,4303.0
2020-11-25,52800.0,52800.0,52000.0,52000.0,9974.0
2020-11-26,51600.0,52500.0,51600.0,52000.0,8545.0
2020-11-27,52000.0,54400.0,52000.0,54400.0,18184.0
2020-11-30,53300.0,54200.0,52700.0,52700.0,6884.0
2020-12-01,52700.0,53700.0,52300.0,53700.0,5301.0
2020-12-02,53700.0,54900.0,53400.0,54900.0,9245.0
2020-12-03,54900.0,54900.0,54100.0,54700.0,8015.0
2020-12-04,54500.0,55200.0,53800.0,54300.0,8004.0
2020-12-07,53800.0,54400.0,52800.0,52800.0,5489.0
2020-12-08,53300.0,53700.0,51600.0,51600.0,5349.0
2020-12-09,52100.0,52800.0,51000.0,52200.0,7054.0
2020-12-10,52000.0,52500.0,51300.0,51400.0,8393.0
2020-12-11,51600.0,53000.0,51600.0,53000.0,7754.0
2020-12-14,52700.0,53500.0,51900.0,52900.0,4746.0
2020-12-15,52900.0,52900.0,51900.0,52500.0,4632.0
2020-12-16,52500.0,52900.0,52000.0,52600.0,99060.0
2020-12-17,52600.0,52900.0,52000.0,52200.0,1833.0
2020-12-18,52000.0,52800.0,51800.0,52200.0,4256.0
2020-12-21,52200.0,52800.0,52200.0,52400.0,2398.0
2020-12-22,52500.0,53000.0,52100.0,52400.0,4642.0
2020-12-23,52000.0,53000.0,52000.0,53000.0,7665.0
2020-12-24,53100.0,53500.0,52500.0,53500.0,7225.0
2020-12-28,53500.0,53600.0,52800.0,52900.0,5504.0
2020-12-29,52600.0,53100.0,52000.0,52600.0,5950.0
2020-12-30,52400.0,53000.0,52300.0,52700.0,3089.0
2021-01-04,52900.0,53900.0,52400.0,53200.0,7478.0
2021-01-05,53200.0,53200.0,52200.0,52600.0,8272.0
2021-01-06,52600.0,54200.0,52600.0,53200.0,15183.0
2021-01-07,53300.0,54300.0,53100.0,53500.0,17431.0
2021-01-08,54300.0,54800.0,53700.0,54400.0,14155.0
2021-01-11,55000.0,56200.0,53800.0,54700.0,19564.0
2021-01-12,55000.0,55000.0,53700.0,54700.0,10257.0
2021-01-13,55200.0,55200.0,53900.0,54200.0,8419.0
2021-01-14,54200.0,54800.0,53800.0,54800.0,10042.0
2021-01-15,54300.0,55300.0,54200.0,54700.0,7477.0
2021-01-18,54600.0,54700.0,54000.0,54400.0,6542.0
2021-01-19,54500.0,54600.0,53900.0,54600.0,4183.0
2021-01-20,54600.0,54600.0,54200.0,54200.0,5863.0
2021-01-21,54600.0,54600.0,54000.0,54200.0,7663.0
2021-01-22,54200.0,54700.0,53800.0,54600.0,6537.0
2021-01-25,54400.0,54900.0,53900.0,54500.0,7430.0
2021-01-26,54700.0,54900.0,53800.0,54200.0,7847.0
2021-01-27,54200.0,54700.0,54000.0,54400.0,3874.0
2021-01-28,54200.0,54400.0,50500.0,54300.0,5197.0
2021-01-29,54000.0,54300.0,52700.0,53500.0,10775.0
2021-02-01,53500.0,54000.0,53200.0,54000.0,10047.0
2021-02-02,53500.0,54100.0,53300.0,53800.0,7954.0
2021-02-03,53900.0,54700.0,53500.0,54700.0,8456.0
2021-02-04,54300.0,54700.0,53800.0,54000.0,3657.0
2021-02-05,54400.0,54700.0,53900.0,54700.0,5420.0
2021-02-08,54200.0,54600.0,54100.0,54400.0,5390.0
2021-02-09,54600.0,54800.0,54200.0,54800.0,7781.0
2021-02-10,54800.0,56500.0,54800.0,56100.0,13112.0
2021-02-15,56700.0,57500.0,56100.0,56300.0,10143.0
2021-02-16,57300.0,57300.0,56400.0,57300.0,14673.0
2021-02-17,57300.0,57300.0,56900.0,57100.0,7144.0
2021-02-18,56800.0,57400.0,56800.0,57000.0,6352.0
2021-02-19,57000.0,57000.0,55600.0,56200.0,9572.0
2021-02-22,56500.0,56800.0,55500.0,56300.0,9070.0
2021-02-23,56000.0,56000.0,55300.0,56000.0,7511.0
2021-02-24,55800.0,55800.0,54800.0,55300.0,7187.0
2021-02-25,55400.0,56100.0,55200.0,55700.0,7483.0
2021-02-26,55200.0,55500.0,54300.0,54400.0,9633.0
2021-03-02,55300.0,56300.0,55100.0,55600.0,7393.0
2021-03-03,55600.0,56200.0,55100.0,56000.0,11680.0
2021-03-04,56200.0,56300.0,55800.0,56000.0,9166.0
2021-03-05,56200.0,56800.0,55800.0,56500.0,29142.0
2021-03-08,56500.0,57200.0,56500.0,57000.0,9517.0
2021-03-09,57000.0,57500.0,56500.0,57000.0,12957.0
2021-03-10,56900.0,57500.0,56500.0,57100.0,7287.0
2021-03-11,57100.0,57400.0,56800.0,57000.0,4867.0
2021-03-12,57200.0,57600.0,57000.0,57500.0,9933.0
2021-03-15,57600.0,57600.0,57100.0,57500.0,11590.0
2021-03-16,57500.0,58100.0,57200.0,58100.0,19023.0
2021-03-17,58100.0,59200.0,57900.0,58700.0,19191.0
2021-03-18,58700.0,58800.0,58100.0,58700.0,11947.0
2021-03-19,58700.0,59200.0,58000.0,58300.0,9855.0
2021-03-22,58600.0,58600.0,58000.0,58300.0,8528.0
2021-03-23,58300.0,58400.0,57800.0,57800.0,22474.0
2021-03-24,57900.0,58100.0,57300.0,58000.0,16437.0
2021-03-25,58000.0,58500.0,57600.0,57900.0,40024.0
2021-03-26,58000.0,59000.0,57900.0,58500.0,33602.0
2021-03-29,58800.0,58800.0,57900.0,58300.0,52434.0
2021-03-30,55400.0,56100.0,55100.0,56000.0,31828.0
2021-03-31,55900.0,57100.0,55000.0,57100.0,27000.0
2021-04-01,57000.0,57200.0,56200.0,56900.0,10667.0
2021-04-02,56900.0,57000.0,56200.0,56400.0,12695.0
2021-04-05,56700.0,56900.0,56200.0,56400.0,10730.0
2021-04-06,56500.0,57300.0,56200.0,57200.0,20883.0
2021-04-07,57300.0,58700.0,56900.0,58000.0,39174.0
2021-04-08,58000.0,58000.0,56700.0,57500.0,14617.0
2021-04-09,57800.0,58100.0,57100.0,57900.0,8232.0
2021-04-12,57900.0,58200.0,57500.0,58000.0,4256.0
2021-04-13,58200.0,58200.0,57300.0,57700.0,5926.0
2021-04-14,57700.0,58100.0,57300.0,57900.0,11036.0
2021-04-15,57900.0,58100.0,57500.0,57800.0,7261.0
2021-04-16,57900.0,58200.0,57400.0,58000.0,16540.0
2021-04-19,58100.0,58700.0,57700.0,58200.0,10033.0
2021-04-20,58200.0,59200.0,58000.0,59000.0,16905.0
2021-04-21,59000.0,59200.0,58500.0,58700.0,6825.0
2021-04-22,59800.0,64000.0,59800.0,60800.0,64711.0
2021-04-23,60100.0,62700.0,59800.0,62500.0,19578.0
2021-04-26,62500.0,64500.0,62100.0,63100.0,19841.0
2021-04-27,63000.0,63200.0,62000.0,62000.0,10080.0
2021-04-28,61700.0,62700.0,61600.0,62400.0,17874.0
2021-04-29,62600.0,62600.0,61200.0,62000.0,8253.0
2021-04-30,61700.0,62500.0,61300.0,62200.0,10540.0
2021-05-03,62200.0,62200.0,61500.0,62100.0,8117.0
2021-05-04,61800.0,62900.0,61400.0,62000.0,7544.0
2021-05-06,62100.0,64000.0,62100.0,62600.0,9705.0
2021-05-07,63200.0,64400.0,62800.0,63900.0,22767.0
2021-05-10,63900.0,64300.0,63700.0,63900.0,11614.0
2021-05-11,63600.0,63900.0,63000.0,63900.0,13011.0
2021-05-12,63600.0,64100.0,63000.0,63700.0,6901.0
2021-05-13,63000.0,63400.0,62500.0,63300.0,6734.0
2021-05-14,63300.0,64000.0,61600.0,62200.0,13969.0
2021-05-17,62600.0,62800.0,61300.0,61400.0,9435.0
2021-05-18,61600.0,63700.0,61500.0,63000.0,10183.0
2021-05-20,63000.0,63200.0,61600.0,62200.0,8027.0
2021-05-21,62800.0,62800.0,62000.0,62200.0,3943.0
2021-05-24,62700.0,62700.0,61700.0,62400.0,6392.0
2021-05-25,62400.0,63200.0,61900.0,62900.0,8463.0
2021-05-26,63100.0,63100.0,62200.0,62500.0,1487.0
2021-05-27,63500.0,63500.0,61600.0,62600.0,9316.0
2021-05-28,62600.0,63300.0,62500.0,62600.0,2341.0
2021-05-31,62600.0,63100.0,62600.0,62900.0,2210.0
2021-06-01,62600.0,63400.0,62200.0,62700.0,4881.0
2021-06-02,63000.0,64800.0,62900.0,64300.0,11898.0
2021-06-03,65500.0,65800.0,64400.0,64400.0,9617.0
2021-06-04,64900.0,65000.0,64000.0,64900.0,13559.0
2021-06-07,64900.0,64900.0,64100.0,64400.0,7644.0
2021-06-08,64400.0,65400.0,63900.0,65300.0,8028.0
2021-06-09,65600.0,65600.0,64000.0,64000.0,6944.0
2021-06-10,64000.0,64000.0,62300.0,62300.0,17678.0
2021-06-11,62500.0,66300.0,62500.0,66300.0,16382.0
2021-06-14,66200.0,66200.0,64100.0,64600.0,6996.0
2021-06-15,64600.0,65000.0,64200.0,64800.0,3939.0
2021-06-16,64500.0,65200.0,64200.0,64700.0,5740.0
2021-06-17,64600.0,64800.0,64200.0,64600.0,3461.0
2021-06-18,64400.0,64700.0,63400.0,64200.0,5452.0
2021-06-21,64200.0,64200.0,62800.0,63100.0,8277.0
2021-06-22,63600.0,64300.0,63200.0,63700.0,4334.0
2021-06-23,63900.0,64600.0,62900.0,63700.0,8212.0
2021-06-24,64100.0,64600.0,63800.0,64200.0,3219.0
2021-06-25,64700.0,64700.0,63800.0,64200.0,2850.0
2021-06-28,64300.0,65600.0,64300.0,65100.0,8248.0
2021-06-29,65500.0,65500.0,64500.0,64600.0,3890.0
2021-06-30,65300.0,65300.0,64500.0,65100.0,3206.0
2021-07-01,65300.0,65300.0,64600.0,65200.0,4299.0
2021-07-02,65400.0,66000.0,65200.0,65400.0,11299.0
2021-07-05,65600.0,65800.0,64900.0,65300.0,4315.0
2021-07-06,65500.0,65500.0,64600.0,64800.0,4363.0
2021-07-07,64600.0,65000.0,64300.0,64400.0,4109.0
2021-07-08,64900.0,64900.0,63600.0,63900.0,5044.0
2021-07-09,63900.0,64100.0,62800.0,63200.0,13697.0
2021-07-12,63300.0,64200.0,63100.0,64000.0,4799.0
2021-07-13,64600.0,65000.0,63800.0,64900.0,5613.0
2021-07-14,64800.0,65000.0,64200.0,64500.0,2001.0
2021-07-15,64500.0,64900.0,64400.0,64800.0,3443.0
2021-07-16,64900.0,64900.0,63700.0,64300.0,4093.0
2021-07-19,64300.0,64400.0,63500.0,64300.0,3361.0
2021-07-20,63700.0,64100.0,63500.0,64000.0,3374.0
2021-07-21,63700.0,64600.0,63500.0,64000.0,4879.0
2021-07-22,64600.0,64600.0,63800.0,64100.0,3047.0
2021-07-23,64500.0,64500.0,64100.0,64300.0,2189.0
2021-07-26,64800.0,65100.0,64200.0,64800.0,5414.0
2021-07-27,65100.0,65100.0,64600.0,64900.0,1709.0
2021-07-28,65000.0,65200.0,64300.0,64800.0,1539.0
2021-07-29,64800.0,64900.0,64200.0,64900.0,3403.0
2021-07-30,65200.0,65400.0,64000.0,64300.0,4698.0
2021-08-02,64600.0,65100.0,64100.0,64300.0,4831.0
2021-08-03,63800.0,64900.0,63800.0,63900.0,2617.0
2021-08-04,64200.0,64700.0,64000.0,64000.0,2549.0
2021-08-05,64300.0,65100.0,63700.0,64200.0,3550.0
2021-08-06,64100.0,64900.0,64100.0,64300.0,2080.0
2021-08-09,64800.0,64800.0,63900.0,64100.0,2035.0
2021-08-10,64300.0,64800.0,64100.0,64100.0,5516.0
2021-08-11,64200.0,64800.0,63800.0,64400.0,3636.0
2021-08-12,64400.0,65500.0,64000.0,64700.0,10779.0
2021-08-13,64700.0,65300.0,61000.0,64900.0,9040.0
2021-08-17,64400.0,64900.0,63700.0,63700.0,5804.0
2021-08-18,64300.0,64300.0,63500.0,64000.0,1127.0
2021-08-19,64300.0,64300.0,62600.0,63000.0,9335.0
2021-08-20,63100.0,63200.0,61800.0,62000.0,8285.0
2021-08-23,62000.0,62500.0,62000.0,62300.0,3084.0
2021-08-24,63000.0,63400.0,62600.0,63400.0,3672.0
2021-08-25,63800.0,63800.0,62900.0,63700.0,2208.0
2021-08-26,63600.0,63800.0,63200.0,63400.0,8995.0
2021-08-27,63500.0,63500.0,63200.0,63500.0,1402.0
2021-08-30,63500.0,63900.0,63000.0,63400.0,1555.0
2021-08-31,63400.0,63400.0,62300.0,63000.0,5610.0
2021-09-01,62800.0,63300.0,62800.0,63100.0,2402.0
2021-09-02,63200.0,63800.0,63200.0,63400.0,1540.0
2021-09-03,63500.0,63800.0,63300.0,63700.0,989.0
2021-09-06,63700.0,63800.0,62900.0,63100.0,5620.0
2021-09-07,63400.0,63500.0,63000.0,63100.0,2442.0
2021-09-08,63500.0,63500.0,62700.0,63000.0,3355.0
2021-09-09,63500.0,63500.0,62000.0,62500.0,9589.0
2021-09-10,62500.0,62900.0,62000.0,62400.0,2728.0
2021-09-13,62700.0,62800.0,62100.0,62300.0,2555.0
2021-09-14,62300.0,62800.0,62300.0,62400.0,2575.0
2021-09-15,62600.0,63100.0,62200.0,62500.0,5215.0
2021-09-16,63100.0,63200.0,61900.0,62200.0,3866.0
2021-09-17,62000.0,63200.0,61800.0,63100.0,6104.0
2021-09-23,62900.0,63000.0,62000.0,62700.0,10046.0
2021-09-24,62700.0,63500.0,62400.0,62900.0,2335.0
2021-09-27,63000.0,63400.0,62000.0,62900.0,3531.0
2021-09-28,62700.0,62900.0,62200.0,62800.0,2334.0
2021-09-29,62300.0,62800.0,61900.0,62400.0,3055.0
2021-09-30,62600.0,63000.0,62300.0,63000.0,2900.0
2021-10-01,62800.0,62900.0,62000.0,62800.0,2935.0
2021-10-05,62500.0,62800.0,61800.0,62000.0,7504.0
2021-10-06,62400.0,62500.0,61900.0,62300.0,7731.0
2021-10-07,62300.0,63200.0,62000.0,62900.0,6758.0
2021-10-08,63400.0,64100.0,62900.0,63500.0,4428.0
2021-10-12,63500.0,63500.0,62700.0,62800.0,2428.0
2021-10-13,63000.0,63000.0,62300.0,62600.0,5892.0
2021-10-14,63600.0,63600.0,62500.0,63200.0,3233.0
2021-10-15,63200.0,63700.0,62800.0,63300.0,3793.0
2021-10-18,63700.0,63700.0,62600.0,63200.0,4293.0
2021-10-19,63200.0,63500.0,63000.0,63300.0,3277.0
2021-10-20,63300.0,63800.0,63100.0,63500.0,5047.0
2021-10-21,63000.0,63700.0,63000.0,63500.0,4161.0
2021-10-22,63500.0,63800.0,63200.0,63500.0,8579.0
2021-10-25,63900.0,64000.0,63200.0,63500.0,3256.0
2021-10-26,63700.0,63700.0,63000.0,63700.0,2189.0
2021-10-27,63800.0,63800.0,63100.0,63400.0,1835.0
2021-10-28,63400.0,63600.0,62800.0,63100.0,4568.0
2021-10-29,63400.0,63400.0,62500.0,62700.0,3754.0
2021-11-01,62700.0,63100.0,62100.0,62300.0,6219.0
2021-11-02,62300.0,63000.0,62200.0,62800.0,2775.0
2021-11-03,62900.0,62900.0,62000.0,62500.0,7685.0
2021-11-04,62500.0,62700.0,61900.0,62300.0,5466.0
2021-11-05,62300.0,62300.0,61200.0,61600.0,5938.0
2021-11-08,61800.0,62200.0,61400.0,62000.0,6187.0
2021-11-09,62100.0,62100.0,60700.0,61700.0,10182.0
2021-11-10,61700.0,61700.0,60600.0,60700.0,5055.0
2021-11-11,60500.0,62400.0,60400.0,60800.0,2868.0
2021-11-12,60600.0,61400.0,60000.0,60300.0,12131.0
2021-11-15,60300.0,60600.0,60000.0,60200.0,7291.0
2021-11-16,60000.0,60500.0,59900.0,60500.0,8074.0
2021-11-17,60200.0,60500.0,59900.0,60300.0,6342.0
2021-11-18,60200.0,60400.0,59800.0,60200.0,9091.0
2021-11-19,60000.0,60200.0,59400.0,59700.0,6572.0
2021-11-22,59500.0,60000.0,59400.0,59600.0,4612.0
2021-11-23,59600.0,60200.0,59200.0,59800.0,3432.0
2021-11-24,59900.0,59900.0,59300.0,59400.0,2966.0
2021-11-25,59300.0,59600.0,58600.0,59100.0,4934.0
2021-11-26,58700.0,59200.0,58200.0,58300.0,5028.0
2021-11-29,58000.0,58900.0,57300.0,57600.0,8934.0
2021-11-30,57600.0,58200.0,56800.0,57900.0,10456.0
2021-12-01,57900.0,58000.0,56500.0,57600.0,9422.0
2021-12-02,57400.0,58000.0,57100.0,58000.0,1797.0
2021-12-03,58000.0,59200.0,58000.0,58900.0,2931.0
2021-12-06,59000.0,59400.0,59000.0,59400.0,1885.0
2021-12-07,60000.0,60000.0,58000.0,59400.0,1993.0
2021-12-08,59400.0,59600.0,59000.0,59200.0,1999.0
2021-12-09,59800.0,59800.0,59100.0,59500.0,1581.0
2021-12-10,60000.0,60000.0,58300.0,59000.0,15976.0
2021-12-13,59500.0,59500.0,58700.0,59100.0,4254.0
2021-12-14,59100.0,59600.0,58900.0,59000.0,4071.0
2021-12-15,59100.0,59400.0,58900.0,59400.0,2164.0
2021-12-16,59500.0,59900.0,59100.0,59500.0,10326.0
2021-12-17,59600.0,60300.0,59500.0,60200.0,3262.0
2021-12-20,60200.0,60200.0,59600.0,59700.0,1849.0
2021-12-21,59600.0,60100.0,59500.0,59600.0,953.0
2021-12-22,60000.0,60000.0,59400.0,59600.0,2602.0
2021-12-23,59600.0,59800.0,59500.0,59800.0,2759.0
2021-12-24,60000.0,60800.0,59700.0,59900.0,2872.0
2021-12-27,60000.0,61400.0,60000.0,61100.0,9311.0
2021-12-28,61600.0,61600.0,60500.0,61100.0,8290.0
2021-12-29,60400.0,60900.0,59700.0,60300.0,6327.0
2021-12-30,60900.0,60900.0,60000.0,60000.0,3278.0
2022-01-03,60900.0,60900.0,60000.0,60300.0,2387.0
2022-01-04,60300.0,61400.0,60200.0,61400.0,4624.0
2022-01-05,61400.0,61800.0,61000.0,61400.0,4570.0
2022-01-06,61200.0,61400.0,60800.0,61400.0,2267.0
2022-01-07,61400.0,61500.0,61000.0,61200.0,3426.0
2022-01-10,61200.0,61500.0,61000.0,61500.0,3616.0
2022-01-11,61300.0,62000.0,60900.0,61300.0,2343.0
2022-01-12,61300.0,61600.0,61000.0,61300.0,4877.0
2022-01-13,61400.0,61600.0,61100.0,61400.0,1177.0
2022-01-14,61600.0,61800.0,61200.0,61600.0,2829.0
2022-01-17,61400.0,61600.0,60900.0,61400.0,3646.0
2022-01-18,61400.0,61500.0,61000.0,61100.0,3357.0
2022-01-19,61100.0,61800.0,60800.0,61000.0,6140.0
2022-01-20,61000.0,61600.0,61000.0,61300.0,3696.0
2022-01-21,61600.0,61600.0,60800.0,61000.0,4254.0
2022-01-24,61000.0,61100.0,60500.0,60900.0,4231.0
2022-01-25,61000.0,61000.0,59700.0,59700.0,25498.0
2022-01-26,60300.0,60700.0,60000.0,60500.0,3373.0
2022-01-27,60500.0,60700.0,59300.0,59300.0,10062.0
2022-01-28,59900.0,60500.0,59600.0,60100.0,8621.0
2022-02-03,60600.0,60800.0,60200.0,60800.0,4605.0
2022-02-04,60600.0,60900.0,60500.0,60500.0,3340.0
2022-02-07,60700.0,60900.0,60400.0,60800.0,3333.0
2022-02-08,60600.0,61100.0,60400.0,60500.0,5302.0
2022-02-09,60800.0,60900.0,60500.0,60800.0,3014.0
2022-02-10,60800.0,61300.0,60700.0,61100.0,28281.0
2022-02-11,61400.0,62500.0,60800.0,62200.0,16082.0
2022-02-14,62200.0,62600.0,61900.0,62200.0,8483.0
2022-02-15,62000.0,62400.0,61800.0,62000.0,11216.0
2022-02-16,62400.0,62700.0,62200.0,62300.0,1438.0
2022-02-17,62500.0,63000.0,62300.0,62800.0,6501.0
2022-02-18,62800.0,63000.0,62500.0,62800.0,5082.0
2022-02-21,62800.0,63300.0,62300.0,63000.0,4860.0
2022-02-22,62800.0,63100.0,62600.0,62800.0,5616.0
2022-02-23,62900.0,63200.0,62800.0,63100.0,2413.0
2022-02-24,63200.0,63200.0,62400.0,63100.0,9409.0
2022-02-25,63100.0,63400.0,62800.0,63200.0,2038.0
2022-02-28,63200.0,63400.0,62900.0,63100.0,3757.0
2022-03-02,63100.0,63500.0,62900.0,62900.0,5380.0
2022-03-03,62900.0,63300.0,62800.0,62900.0,3214.0
2022-03-04,62800.0,63100.0,62800.0,63000.0,2530.0
2022-03-07,63400.0,63400.0,62800.0,62800.0,4848.0
2022-03-08,62800.0,62800.0,62000.0,62300.0,4927.0
2022-03-10,63000.0,63100.0,62400.0,62900.0,3994.0
2022-03-11,62800.0,63100.0,62500.0,62900.0,3861.0
2022-03-14,62900.0,63000.0,62600.0,62800.0,5422.0
2022-03-15,62900.0,63000.0,62400.0,62800.0,4809.0
2022-03-16,63000.0,63000.0,62500.0,62800.0,4840.0
2022-03-17,63000.0,63100.0,62800.0,62900.0,6633.0
2022-03-18,63000.0,63200.0,62900.0,63200.0,5850.0
2022-03-21,63300.0,63300.0,62900.0,63100.0,5423.0
2022-03-22,63200.0,63200.0,62700.0,63100.0,10534.0
2022-03-23,63000.0,63100.0,62700.0,63000.0,8518.0
2022-03-24,62700.0,63000.0,62700.0,62900.0,4294.0
2022-03-25,63000.0,63100.0,62800.0,62900.0,12955.0
2022-03-28,63000.0,63300.0,62800.0,63200.0,18671.0
2022-03-29,63100.0,63500.0,63000.0,63400.0,27475.0
2022-03-30,60500.0,60700.0,60000.0,60300.0,26902.0
2022-03-31,60200.0,60200.0,59600.0,59600.0,12151.0
2022-04-01,59500.0,60000.0,59400.0,59600.0,16091.0
2022-04-04,59700.0,59900.0,59400.0,59600.0,4297.0
2022-04-05,59700.0,59700.0,59400.0,59600.0,4635.0
2022-04-06,59600.0,59600.0,58800.0,58900.0,7359.0
2022-04-07,58900.0,59200.0,58300.0,58300.0,4684.0
2022-04-08,58500.0,59500.0,58400.0,58900.0,3548.0
2022-04-11,58900.0,58900.0,57900.0,58100.0,16277.0
2022-04-12,58400.0,58400.0,57700.0,57900.0,4378.0
2022-04-13,57900.0,58500.0,57700.0,58500.0,2273.0
2022-04-14,58900.0,58900.0,58200.0,58600.0,1970.0
2022-04-15,58800.0,58800.0,58200.0,58500.0,1902.0
2022-04-18,58500.0,58500.0,58000.0,58200.0,1026.0
2022-04-19,58200.0,58600.0,58000.0,58100.0,5685.0
2022-04-20,58400.0,58400.0,57500.0,58000.0,13839.0
2022-04-21,58000.0,58200.0,57500.0,57600.0,7241.0
2022-04-22,57600.0,57800.0,57400.0,57800.0,3334.0
2022-04-25,57800.0,57800.0,57400.0,57500.0,4635.0
2022-04-26,57700.0,57800.0,57300.0,57800.0,2698.0
2022-04-27,57500.0,57600.0,56900.0,57300.0,6270.0
2022-04-28,57500.0,57900.0,57000.0,57700.0,3923.0
2022-04-29,57700.0,57700.0,57100.0,57700.0,1165.0
2022-05-02,57700.0,57800.0,57300.0,57800.0,1066.0
2022-05-03,57800.0,57900.0,57400.0,57400.0,2479.0
2022-05-04,57800.0,57800.0,57300.0,57500.0,2579.0
2022-05-06,57200.0,57500.0,57000.0,57500.0,13298.0
2022-05-09,57500.0,57500.0,56800.0,57100.0,5824.0
2022-05-10,57100.0,57100.0,55700.0,56400.0,9149.0
2022-05-11,56800.0,57300.0,56400.0,57000.0,9698.0
2022-05-12,57000.0,57200.0,56500.0,56500.0,6788.0
2022-05-13,56600.0,57300.0,56500.0,56700.0,11968.0
2022-05-16,57000.0,57300.0,56700.0,57000.0,6095.0
2022-05-17,57000.0,57500.0,56900.0,56900.0,3709.0
2022-05-18,57000.0,57400.0,56700.0,56700.0,5812.0
2022-05-19,56500.0,57000.0,56200.0,57000.0,6973.0
2022-05-20,57000.0,57500.0,56900.0,57200.0,5152.0
2022-05-23,56900.0,57300.0,56800.0,57100.0,3301.0
2022-05-24,57100.0,57300.0,57000.0,57000.0,2836.0
2022-05-25,56500.0,57400.0,56500.0,56900.0,3740.0
2022-05-26,56900.0,57400.0,56800.0,56900.0,2155.0
2022-05-27,57100.0,57300.0,56900.0,57100.0,1798.0
2022-05-30,57200.0,57700.0,57100.0,57700.0,4528.0
2022-05-31,57500.0,57800.0,57200.0,57200.0,2843.0
2022-06-02,57600.0,57700.0,57000.0,57600.0,3505.0
2022-06-03,57700.0,58100.0,57600.0,58000.0,3346.0
2022-06-07,58000.0,58000.0,57500.0,57500.0,2702.0
2022-06-08,58200.0,58200.0,57200.0,58000.0,5305.0
2022-06-09,58200.0,58200.0,57600.0,57700.0,3649.0
2022-06-10,58300.0,58300.0,57700.0,58200.0,5541.0
2022-06-13,58100.0,58100.0,57300.0,57300.0,2813.0
2022-06-14,57200.0,57300.0,56400.0,56700.0,9708.0
2022-06-15,56800.0,57000.0,56100.0,56100.0,2819.0
2022-06-16,56200.0,57100.0,56000.0,56300.0,2797.0
2022-06-17,55900.0,56600.0,55200.0,56100.0,4085.0
2022-06-20,56300.0,56300.0,55100.0,55400.0,3391.0
2022-06-21,55500.0,57400.0,55200.0,56000.0,3668.0
2022-06-22,56400.0,56400.0,55200.0,55500.0,2461.0
2022-06-23,56000.0,56000.0,54100.0,54100.0,7707.0
2022-06-24,54500.0,56300.0,54100.0,56100.0,4189.0
2022-06-27,56700.0,56700.0,55600.0,56500.0,4199.0
2022-06-28,56500.0,56500.0,55800.0,56200.0,1557.0
2022-06-29,56300.0,56300.0,55000.0,55300.0,2511.0
2022-06-30,55800.0,55800.0,54800.0,55200.0,609.0
2022-07-01,55200.0,55500.0,54800.0,55100.0,1266.0
2022-07-04,55900.0,55900.0,54800.0,55200.0,1694.0
2022-07-05,55300.0,55700.0,55000.0,55300.0,1011.0
2022-07-06,55800.0,55800.0,54700.0,55100.0,2258.0
2022-07-07,55200.0,55600.0,54700.0,55200.0,703.0
2022-07-08,55800.0,55800.0,53500.0,55100.0,6132.0
2022-07-11,55100.0,56000.0,55100.0,55400.0,1613.0
2022-07-12,55300.0,55400.0,54400.0,54800.0,1877.0
2022-07-13,54800.0,55400.0,54200.0,54700.0,4055.0
2022-07-14,54700.0,56100.0,54600.0,55900.0,5166.0
2022-07-15,56200.0,56300.0,54600.0,56000.0,6118.0
2022-07-18,56000.0,57300.0,56000.0,56300.0,4020.0
2022-07-19,56300.0,56400.0,55200.0,55300.0,2307.0
2022-07-20,56000.0,56500.0,55400.0,55500.0,3026.0
2022-07-21,56600.0,56600.0,55300.0,55700.0,1143.0
2022-07-22,55700.0,56200.0,55500.0,55500.0,319.0
2022-07-25,55500.0,57000.0,55500.0,55600.0,1309.0
2022-07-26,56100.0,56100.0,55000.0,55200.0,3189.0
2022-07-27,55100.0,55900.0,55000.0,55000.0,1698.0
2022-07-28,55200.0,55700.0,55000.0,55200.0,770.0
2022-07-29,55200.0,55900.0,55200.0,55900.0,851.0
2022-08-01,55900.0,56400.0,55100.0,56400.0,8568.0
2022-08-02,56600.0,56900.0,55600.0,56800.0,1398.0
2022-08-03,56100.0,56800.0,56100.0,56800.0,294.0
2022-08-04,57500.0,57500.0,56200.0,57100.0,1448.0
2022-08-05,57500.0,57500.0,56400.0,57300.0,1016.0
2022-08-08,57400.0,57400.0,56900.0,57000.0,180.0
2022-08-09,57000.0,57400.0,56200.0,57400.0,874.0
2022-08-10,57400.0,57400.0,56800.0,57300.0,405.0
2022-08-11,57500.0,57500.0,56900.0,57400.0,830.0
2022-08-12,57500.0,57600.0,57300.0,57400.0,1326.0
2022-08-16,57400.0,57800.0,57100.0,57800.0,2897.0
2022-08-17,56800.0,57800.0,56700.0,56900.0,4846.0
2022-08-18,56900.0,56900.0,56100.0,56800.0,2530.0
2022-08-19,56800.0,56900.0,56300.0,56600.0,1452.0
2022-08-22,56600.0,56600.0,56100.0,56100.0,1290.0
2022-08-23,56100.0,56700.0,55700.0,55900.0,3451.0
2022-08-24,56200.0,56800.0,55700.0,55800.0,1402.0
2022-08-25,55300.0,55800.0,55000.0,55800.0,4940.0
2022-08-26,55800.0,56000.0,55800.0,56000.0,1232.0
2022-08-29,55400.0,55900.0,55400.0,55900.0,1495.0
2022-08-30,56000.0,56000.0,55600.0,56000.0,751.0
2022-08-31,56400.0,56900.0,55300.0,56900.0,8181.0
2022-09-01,56500.0,56800.0,56300.0,56300.0,1428.0
2022-09-02,56300.0,56300.0,55700.0,55800.0,927.0
2022-09-05,55800.0,56000.0,55700.0,56000.0,627.0
2022-09-06,56100.0,56100.0,55900.0,56100.0,123.0
2022-09-07,56400.0,56400.0,55700.0,56100.0,1073.0
2022-09-08,56300.0,56300.0,55500.0,55600.0,1087.0
2022-09-13,55600.0,55800.0,55200.0,55500.0,2451.0
2022-09-14,55500.0,56100.0,55100.0,55500.0,1066.0
2022-09-15,55600.0,55800.0,55300.0,55800.0,2845.0
2022-09-16,55900.0,55900.0,55300.0,55600.0,1430.0
2022-09-19,55600.0,55600.0,55400.0,55500.0,1089.0
2022-09-20,55800.0,55900.0,55500.0,55700.0,2312.0
2022-09-21,56200.0,56200.0,55700.0,55900.0,922.0
2022-09-22,55800.0,56000.0,55300.0,55900.0,1339.0
2022-09-23,55900.0,55900.0,55300.0,55600.0,1018.0
2022-09-26,55500.0,55500.0,54500.0,54600.0,4525.0
2022-09-27,54600.0,54600.0,52800.0,53100.0,3241.0
2022-09-28,53300.0,53300.0,51800.0,52800.0,5336.0
2022-09-29,52700.0,54300.0,52200.0,53200.0,3793.0
2022-09-30,54200.0,54600.0,53200.0,54500.0,3116.0
2022-10-04,54500.0,55600.0,54200.0,55500.0,2285.0
2022-10-05,55500.0,56100.0,55100.0,55300.0,4398.0
2022-10-06,55800.0,56600.0,55400.0,56600.0,1665.0
2022-10-07,56600.0,57000.0,56200.0,56200.0,2791.0
2022-10-11,56000.0,56200.0,55100.0,55300.0,6407.0
2022-10-12,55300.0,55900.0,55300.0,55500.0,1965.0
2022-10-13,55500.0,56100.0,54800.0,55600.0,4454.0
2022-10-14,55200.0,56100.0,55200.0,56000.0,1735.0
2022-10-17,55600.0,55900.0,54600.0,54600.0,11510.0
2022-10-18,54600.0,55700.0,54600.0,55100.0,2284.0
2022-10-19,55100.0,55800.0,55000.0,55000.0,3607.0
2022-10-20,55500.0,55600.0,55000.0,55200.0,1292.0
2022-10-21,55200.0,55500.0,54800.0,54800.0,830.0
2022-10-24,54800.0,55500.0,54100.0,54200.0,3473.0
2022-10-25,54200.0,54800.0,54200.0,54300.0,277.0
2022-10-26,54300.0,54500.0,53700.0,53700.0,22133.0
2022-10-27,53600.0,55500.0,53500.0,54000.0,3521.0
2022-10-28,54800.0,55500.0,54300.0,55300.0,4003.0
2022-10-31,55300.0,55300.0,55100.0,55300.0,278.0
2022-11-01,55300.0,55300.0,54900.0,55100.0,236.0
2022-11-02,53300.0,55500.0,53300.0,55100.0,1858.0
2022-11-03,55200.0,55200.0,54500.0,55100.0,1128.0
2022-11-04,55100.0,55200.0,54400.0,54800.0,1559.0
2022-11-07,54800.0,55300.0,54600.0,54700.0,2468.0
2022-11-08,55100.0,55200.0,54700.0,54900.0,1176.0
2022-11-09,55300.0,55600.0,54900.0,55300.0,1235.0
2022-11-10,55800.0,55800.0,55100.0,55100.0,412.0
2022-11-11,55700.0,55700.0,55000.0,55200.0,1373.0
2022-11-14,55200.0,55900.0,54900.0,55300.0,1743.0
2022-11-15,55600.0,56300.0,55300.0,55900.0,578.0
2022-11-16,56200.0,56500.0,55500.0,56400.0,820.0
2022-11-17,56400.0,56500.0,56000.0,56400.0,2463.0
2022-11-18,56900.0,56900.0,56100.0,56600.0,1433.0
2022-11-21,56600.0,56900.0,56500.0,56900.0,3553.0
2022-11-22,56900.0,57100.0,56700.0,56900.0,2191.0
2022-11-23,57100.0,57300.0,56900.0,57300.0,828.0
2022-11-24,57400.0,57500.0,57100.0,57500.0,900.0
2022-11-25,57300.0,57900.0,57000.0,57900.0,2006.0
2022-11-28,57800.0,57900.0,57200.0,57700.0,1295.0
2022-11-29,57500.0,58000.0,57200.0,57800.0,1003.0
2022-11-30,58100.0,58100.0,57100.0,58000.0,7081.0
2022-12-01,58000.0,58100.0,57600.0,58000.0,1045.0
2022-12-02,58000.0,58100.0,57400.0,57800.0,773.0
2022-12-05,57700.0,57900.0,57500.0,57500.0,2200.0
2022-12-06,57900.0,57900.0,57500.0,57500.0,378.0
2022-12-07,57600.0,57700.0,57200.0,57700.0,297.0
2022-12-08,57300.0,58100.0,57200.0,57600.0,838.0
2022-12-09,57000.0,57900.0,56600.0,57900.0,4484.0
2022-12-12,57800.0,57800.0,56800.0,57100.0,1554.0
2022-12-13,57100.0,57700.0,57000.0,57400.0,1845.0
2022-12-14,57400.0,57800.0,57100.0,57600.0,877.0
2022-12-15,57700.0,57700.0,57000.0,57600.0,2097.0
2022-12-16,57100.0,58000.0,57100.0,57500.0,1179.0
2022-12-19,57500.0,57600.0,57200.0,57600.0,545.0
2022-12-20,57600.0,57600.0,57200.0,57600.0,1783.0
2022-12-21,57600.0,58400.0,56900.0,58400.0,6291.0
2022-12-22,58200.0,59000.0,57900.0,59000.0,3120.0
2022-12-23,58400.0,58400.0,58000.0,58300.0,1761.0
2022-12-26,58200.0,58200.0,57800.0,58100.0,1025.0
2022-12-27,58000.0,58200.0,58000.0,58100.0,3168.0
2022-12-28,57800.0,57900.0,57400.0,57500.0,1993.0
2022-12-29,57500.0,57500.0,56800.0,57100.0,2112.0
2023-01-02,57100.0,57100.0,56600.0,57000.0,1773.0
2023-01-03,57100.0,57300.0,56500.0,57200.0,543.0
2023-01-04,57500.0,57500.0,57100.0,57100.0,745.0
2023-01-05,58000.0,58000.0,56600.0,56600.0,1029.0
2023-01-06,56600.0,57200.0,56300.0,56300.0,1640.0
2023-01-09,56300.0,57500.0,56200.0,56700.0,895.0
2023-01-10,56900.0,57500.0,56700.0,56800.0,729.0
2023-01-11,57700.0,57700.0,56700.0,56700.0,1503.0
2023-01-12,56900.0,57500.0,56900.0,57300.0,701.0
2023-01-13,57300.0,58100.0,57300.0,58100.0,1283.0
2023-01-16,58100.0,58500.0,58000.0,58300.0,1129.0
2023-01-17,58500.0,58700.0,58000.0,58000.0,1588.0
2023-01-18,58400.0,58400.0,57600.0,58000.0,2807.0
2023-01-19,58000.0,58200.0,57600.0,58100.0,786.0
2023-01-20,58100.0,58600.0,57200.0,58600.0,1947.0
2023-01-25,58600.0,58700.0,58200.0,58200.0,1751.0
2023-01-26,58300.0,58500.0,58200.0,58400.0,1416.0
2023-01-27,58400.0,58600.0,58200.0,58400.0,3008.0
2023-01-30,58300.0,58500.0,58200.0,58500.0,2362.0
2023-01-31,58500.0,59400.0,58300.0,58700.0,3401.0
2023-02-01,58700.0,58800.0,58400.0,58700.0,3701.0
2023-02-02,58700.0,59100.0,58500.0,58700.0,2061.0
2023-02-03,58700.0,58800.0,58300.0,58400.0,2636.0
2023-02-06,58400.0,59300.0,58200.0,59300.0,1998.0
2023-02-07,59000.0,59200.0,58900.0,59100.0,1211.0
2023-02-08,59000.0,59100.0,58700.0,59100.0,1396.0
2023-02-09,59100.0,59600.0,58700.0,59300.0,1537.0
2023-02-10,59200.0,59200.0,58600.0,59000.0,1220.0
2023-02-13,59000.0,59000.0,58700.0,58800.0,873.0
2023-02-14,58800.0,59000.0,58500.0,58900.0,1645.0
2023-02-15,58900.0,59100.0,58500.0,59100.0,3149.0
2023-02-16,59100.0,59600.0,59000.0,59300.0,4997.0
2023-02-17,59100.0,59400.0,58800.0,59200.0,3110.0
2023-02-20,59400.0,59700.0,59000.0,59200.0,2794.0
2023-02-21,59200.0,60100.0,59000.0,60100.0,5801.0
2023-02-22,59700.0,60600.0,59700.0,60600.0,3487.0
2023-02-23,60600.0,60700.0,60000.0,60200.0,2152.0
2023-02-24,60200.0,60300.0,60000.0,60100.0,601.0
2023-02-27,60100.0,60200.0,59900.0,60100.0,600.0
2023-02-28,60100.0,60500.0,59700.0,60100.0,3120.0
2023-03-02,60100.0,60300.0,59800.0,60000.0,2183.0
2023-03-03,60000.0,60200.0,59900.0,60000.0,2602.0
2023-03-06,60200.0,60200.0,59700.0,60000.0,2164.0
2023-03-07,60200.0,60200.0,59800.0,60000.0,2126.0
2023-03-08,60200.0,60200.0,59800.0,60100.0,2098.0
2023-03-09,60200.0,60200.0,59800.0,60000.0,2796.0
2023-03-10,60000.0,60000.0,59700.0,60000.0,1688.0
2023-03-13,59900.0,59900.0,59400.0,59500.0,1109.0
2023-03-14,59500.0,59900.0,58200.0,58900.0,3304.0
2023-03-15,59000.0,59700.0,59000.0,59100.0,999.0
2023-03-16,59100.0,59100.0,58200.0,58600.0,2238.0
2023-03-17,59000.0,59000.0,58200.0,58400.0,1987.0
2023-03-20,58400.0,59100.0,58000.0,58100.0,3546.0
2023-03-21,58200.0,58400.0,57800.0,57900.0,2757.0
2023-03-22,58500.0,58600.0,57700.0,57900.0,4584.0
2023-03-23,58600.0,58700.0,57900.0,58600.0,3354.0
2023-03-24,58900.0,59200.0,58800.0,59000.0,3467.0
2023-03-27,59000.0,59100.0,58500.0,59000.0,3019.0
2023-03-28,58900.0,59300.0,58900.0,58900.0,3820.0
2023-03-29,59000.0,59200.0,58500.0,59000.0,10583.0
2023-03-30,56900.0,57000.0,55500.0,55900.0,8475.0
2023-03-31,55900.0,56200.0,55300.0,55800.0,3890.0
2023-04-03,55800.0,56100.0,55100.0,55500.0,3285.0
2023-04-04,55100.0,55900.0,55100.0,55900.0,721.0
2023-04-05,56000.0,56100.0,55200.0,55300.0,1582.0
2023-04-06,55400.0,55500.0,54900.0,55000.0,1528.0
2023-04-07,55000.0,55400.0,54600.0,54800.0,1021.0
2023-04-10,54800.0,55200.0,54700.0,55000.0,1035.0
2023-04-11,55100.0,55400.0,54900.0,55200.0,1018.0
2023-04-12,55300.0,55500.0,55100.0,55100.0,1046.0
2023-04-13,55300.0,55500.0,54800.0,55100.0,822.0
2023-04-14,55200.0,55700.0,55200.0,55500.0,662.0
2023-04-17,56600.0,56600.0,55300.0,55600.0,737.0
2023-04-18,56100.0,56100.0,54700.0,55300.0,1679.0
2023-04-19,55300.0,56400.0,55300.0,55500.0,1020.0
2023-04-20,55500.0,56000.0,55400.0,55400.0,290.0
2023-04-21,55400.0,55400.0,55000.0,55100.0,305.0
2023-04-24,55100.0,55500.0,54800.0,55100.0,327.0
2023-04-25,55300.0,55300.0,54800.0,55200.0,757.0
2023-04-26,55400.0,55400.0,54700.0,55200.0,790.0
2023-04-27,55500.0,55500.0,54800.0,55400.0,1033.0
2023-04-28,55400.0,55500.0,55000.0,55500.0,601.0
2023-05-02,55400.0,55800.0,55300.0,55800.0,1145.0
2023-05-03,55800.0,56000.0,55500.0,55600.0,937.0
2023-05-04,55600.0,56000.0,55500.0,55700.0,777.0
2023-05-08,55100.0,56100.0,55000.0,55300.0,1351.0
2023-05-09,55300.0,55600.0,55100.0,55500.0,780.0
2023-05-10,55900.0,55900.0,55300.0,55600.0,616.0
2023-05-11,55600.0,56000.0,55400.0,56000.0,912.0
2023-05-12,56100.0,56100.0,55200.0,55200.0,712.0
2023-05-15,55300.0,55700.0,55200.0,55500.0,309.0
2023-05-16,55500.0,55800.0,55100.0,55600.0,291.0
2023-05-17,56000.0,56000.0,55400.0,55500.0,385.0
2023-05-18,56000.0,56000.0,55400.0,55500.0,724.0
2023-05-19,55600.0,55900.0,55600.0,55600.0,161.0
2023-05-22,55600.0,56000.0,55600.0,55800.0,322.0
2023-05-23,55800.0,55900.0,55600.0,55600.0,1342.0
2023-05-24,55700.0,55700.0,55400.0,55500.0,304.0
2023-05-25,55700.0,55800.0,55400.0,55500.0,262.0
2023-05-26,55900.0,56000.0,55300.0,55500.0,923.0
2023-05-30,55500.0,55800.0,55000.0,55300.0,1198.0
2023-05-31,55800.0,55800.0,53500.0,53500.0,14069.0
2023-06-01,55000.0,55400.0,55000.0,55300.0,987.0
2023-06-02,55300.0,55500.0,55200.0,55500.0,504.0
2023-06-05,55800.0,55900.0,55500.0,55600.0,723.0
2023-06-07,55600.0,55600.0,54900.0,55100.0,7836.0
2023-06-08,55100.0,55900.0,55000.0,55200.0,1017.0
2023-06-09,55200.0,55500.0,55100.0,55500.0,1133.0
2023-06-12,55500.0,55700.0,55200.0,55400.0,2200.0
2023-06-13,55700.0,56100.0,55300.0,55400.0,2224.0
2023-06-14,55400.0,56300.0,55400.0,56300.0,2165.0
2023-06-15,55700.0,55800.0,55100.0,55300.0,979.0
2023-06-16,55400.0,56200.0,55200.0,55700.0,1000.0
2023-06-19,55700.0,55800.0,55500.0,55800.0,651.0
2023-06-20,56000.0,56000.0,55300.0,55300.0,796.0
2023-06-21,55300.0,55500.0,55000.0,55200.0,968.0
2023-06-22,55300.0,55400.0,55100.0,55200.0,359.0
2023-06-23,55200.0,56500.0,55100.0,55100.0,988.0
2023-06-26,55200.0,56100.0,55200.0,55400.0,460.0
2023-06-27,55400.0,55500.0,55000.0,55500.0,632.0
2023-06-28,55400.0,55900.0,55300.0,55500.0,350.0
2023-06-29,55500.0,56300.0,55300.0,55400.0,1235.0
2023-06-30,55400.0,55700.0,55300.0,55700.0,523.0
2023-07-03,56000.0,56200.0,55100.0,55500.0,785.0
2023-07-04,55500.0,56000.0,55400.0,55500.0,1769.0
2023-07-05,55800.0,56000.0,55300.0,55300.0,2672.0
2023-07-06,55100.0,56500.0,55100.0,56500.0,932.0
2023-07-07,55900.0,56000.0,54900.0,56000.0,2363.0
2023-07-10,55400.0,56000.0,55400.0,55400.0,1417.0
2023-07-11,55500.0,56000.0,55400.0,55800.0,2338.0
2023-07-12,55800.0,56000.0,55600.0,55800.0,2011.0
2023-07-13,55800.0,55900.0,55600.0,55700.0,865.0
2023-07-14,55600.0,56000.0,55400.0,56000.0,2571.0
2023-07-17,56000.0,56000.0,55500.0,55600.0,1855.0
2023-07-18,55800.0,55800.0,55200.0,55300.0,1727.0
2023-07-19,55300.0,55800.0,55300.0,55300.0,551.0
2023-07-20,55500.0,55800.0,55300.0,55300.0,1194.0
2023-07-21,55300.0,55600.0,55200.0,55600.0,3729.0
2023-07-24,55600.0,55600.0,55100.0,55200.0,1022.0
2023-07-25,55200.0,55500.0,55100.0,55300.0,2229.0
2023-07-26,55300.0,55600.0,54900.0,55100.0,7298.0
2023-07-27,55100.0,55700.0,54900.0,55100.0,2072.0
2023-07-28,55100.0,55800.0,55000.0,55600.0,807.0
2023-07-31,55800.0,55800.0,55100.0,55800.0,4430.0
2023-08-01,56000.0,56000.0,55600.0,55900.0,759.0
2023-08-02,55900.0,56000.0,55600.0,55900.0,888.0
2023-08-03,56000.0,56000.0,55500.0,55500.0,506.0
2023-08-04,55500.0,56000.0,55500.0,55700.0,500.0
2023-08-07,55900.0,55900.0,55600.0,55800.0,477.0
2023-08-08,55900.0,55900.0,55500.0,55600.0,772.0
2023-08-09,55600.0,56500.0,55500.0,56000.0,2156.0
2023-08-10,56000.0,56000.0,55600.0,55600.0,573.0
2023-08-11,55600.0,55800.0,55500.0,55600.0,848.0
2023-08-14,55600.0,56300.0,55300.0,56300.0,3854.0
2023-08-16,56100.0,56100.0,55600.0,55700.0,951.0
2023-08-17,55500.0,56400.0,55500.0,55900.0,772.0
2023-08-18,55900.0,56000.0,55500.0,55600.0,675.0
2023-08-21,56100.0,56100.0,55500.0,56100.0,331.0
2023-08-22,56100.0,56100.0,55500.0,55600.0,3102.0
2023-08-23,55600.0,55900.0,55600.0,55900.0,167.0
2023-08-24,55800.0,56300.0,55400.0,55900.0,663.0
2023-08-25,56300.0,56300.0,55500.0,56100.0,293.0
2023-08-28,56300.0,56300.0,55500.0,56000.0,728.0
2023-08-29,56000.0,56200.0,55800.0,56100.0,469.0
2023-08-30,56000.0,56200.0,55800.0,56100.0,769.0
2023-08-31,56200.0,56300.0,55700.0,56300.0,1544.0
2023-09-01,56000.0,56300.0,55800.0,56000.0,386.0
2023-09-04,55900.0,56300.0,55700.0,55900.0,1203.0
2023-09-05,55900.0,56000.0,55300.0,55300.0,4656.0
2023-09-06,55400.0,55900.0,55300.0,55800.0,2337.0
2023-09-07,55900.0,56000.0,55600.0,55700.0,231.0
2023-09-08,55700.0,55900.0,55600.0,55700.0,604.0
2023-09-11,55800.0,56200.0,55800.0,56100.0,841.0
2023-09-12,56100.0,56200.0,56000.0,56100.0,450.0
2023-09-13,55700.0,56100.0,55500.0,55600.0,1735.0
2023-09-14,55600.0,56100.0,55500.0,55800.0,3086.0
2023-09-15,56000.0,56300.0,55800.0,56200.0,663.0
2023-09-18,56200.0,56300.0,55900.0,56200.0,816.0
2023-09-19,56400.0,56500.0,56000.0,56400.0,1205.0
2023-09-20,56400.0,56500.0,56200.0,56500.0,903.0
2023-09-21,56700.0,56700.0,55600.0,55600.0,908.0
2023-09-22,55700.0,56200.0,55500.0,56200.0,1515.0
2023-09-25,56200.0,56300.0,55700.0,56300.0,733.0
2023-09-26,56300.0,56300.0,55500.0,55600.0,694.0
2023-09-27,56300.0,56300.0,55700.0,56100.0,197.0
2023-10-04,56200.0,56200.0,55500.0,55500.0,652.0
2023-10-05,56000.0,56500.0,55500.0,55900.0,2155.0
2023-10-06,55900.0,56100.0,55700.0,56100.0,1038.0
2023-10-10,56100.0,56300.0,56000.0,56100.0,610.0
2023-10-11,56100.0,56600.0,55800.0,56000.0,1703.0
2023-10-12,56000.0,56300.0,55600.0,56100.0,1869.0
2023-10-13,56100.0,56300.0,55000.0,55800.0,1403.0
2023-10-16,55800.0,56200.0,55700.0,55800.0,645.0
2023-10-17,55800.0,56000.0,55500.0,55700.0,833.0
2023-10-18,55800.0,56900.0,55700.0,56700.0,4243.0
2023-10-19,56600.0,57000.0,55900.0,56700.0,708.0
2023-10-20,56700.0,56700.0,56000.0,56100.0,1011.0
2023-10-23,56200.0,56600.0,55800.0,55800.0,1061.0
2023-10-24,55900.0,56500.0,55500.0,56400.0,2959.0
2023-10-25,56400.0,56700.0,56200.0,56700.0,1007.0
2023-10-26,56800.0,56800.0,56300.0,56400.0,796.0
2023-10-27,56600.0,56700.0,56000.0,56500.0,2924.0
2023-10-30,56500.0,56700.0,56000.0,56000.0,702.0
2023-10-31,56100.0,56300.0,55800.0,56000.0,2282.0
2023-11-01,56000.0,56300.0,55900.0,56300.0,734.0
2023-11-02,56200.0,56300.0,56000.0,56300.0,1615.0
2023-11-03,56300.0,56400.0,56000.0,56100.0,590.0
2023-11-06,56300.0,56700.0,56200.0,56500.0,2028.0
2023-11-07,56800.0,56800.0,56400.0,56500.0,1750.0
2023-11-08,56900.0,57000.0,56400.0,56400.0,1367.0
2023-11-09,56500.0,56700.0,56300.0,56400.0,1027.0
2023-11-10,56500.0,56700.0,56000.0,56200.0,4665.0
2023-11-13,56100.0,56700.0,56100.0,56300.0,1036.0
2023-11-14,56300.0,56900.0,56300.0,56700.0,1232.0
2023-11-15,56800.0,57400.0,56700.0,57400.0,925.0
2023-11-16,58100.0,58300.0,57500.0,58200.0,2083.0
2023-11-17,58200.0,58500.0,57600.0,58400.0,999.0
2023-11-20,58400.0,58700.0,58200.0,58500.0,1008.0
2023-11-21,58600.0,58900.0,58300.0,58600.0,1070.0
2023-11-22,58600.0,58600.0,58300.0,58300.0,248.0
2023-11-23,58300.0,58300.0,58000.0,58300.0,832.0
2023-11-24,58300.0,58500.0,58000.0,58400.0,790.0
2023-11-27,58900.0,59300.0,58700.0,59200.0,1558.0
2023-11-28,59000.0,59300.0,58600.0,59200.0,1190.0
2023-11-29,59200.0,59200.0,58700.0,58800.0,304.0
2023-11-30,58800.0,60600.0,57900.0,60600.0,6722.0
2023-12-01,60500.0,60700.0,59500.0,60400.0,5521.0
2023-12-04,60400.0,60500.0,60000.0,60400.0,2293.0
2023-12-05,60100.0,60500.0,60000.0,60500.0,1849.0
2023-12-06,59900.0,60500.0,59900.0,60200.0,1418.0
2023-12-07,60200.0,60400.0,60000.0,60300.0,2139.0
2023-12-08,60400.0,60400.0,60000.0,60300.0,2444.0
2023-12-11,60300.0,60300.0,59700.0,60200.0,985.0
2023-12-12,59500.0,60200.0,59300.0,59400.0,1485.0
2023-12-13,59500.0,59900.0,59000.0,59000.0,3136.0
2023-12-14,59500.0,59800.0,59000.0,59000.0,3971.0
2023-12-15,59000.0,60400.0,59000.0,60400.0,3934.0
2023-12-18,60400.0,60400.0,59300.0,59700.0,1626.0
2023-12-19,59700.0,59700.0,59300.0,59400.0,1053.0
2023-12-20,59500.0,59800.0,59400.0,59700.0,1240.0
2023-12-21,60200.0,60300.0,59400.0,59500.0,1705.0
2023-12-22,59600.0,60000.0,59000.0,59300.0,612.0
2023-12-26,59100.0,59500.0,59000.0,59200.0,1616.0
2023-12-27,59000.0,59800.0,58800.0,59800.0,1010.0
2023-12-28,59800.0,59800.0,59500.0,59500.0,942.0
2024-01-02,59900.0,59900.0,59500.0,59600.0,2486.0
2024-01-03,59100.0,59400.0,59000.0,59000.0,872.0
2024-01-04,59700.0,59700.0,59000.0,59000.0,1563.0
2024-01-05,58600.0,59300.0,58600.0,58600.0,877.0
2024-01-08,58800.0,58900.0,58500.0,58600.0,1035.0
2024-01-09,58800.0,59800.0,58600.0,59200.0,895.0
2024-01-10,59200.0,59200.0,58700.0,58700.0,794.0
2024-01-11,58700.0,59100.0,58500.0,58600.0,871.0
2024-01-12,58600.0,59400.0,58600.0,59400.0,1152.0
2024-01-15,58900.0,59500.0,58900.0,59000.0,1421.0
2024-01-16,59000.0,59200.0,58700.0,59200.0,2587.0
2024-01-17,59200.0,59400.0,58500.0,58700.0,1193.0
2024-01-18,59300.0,59500.0,58500.0,58800.0,1559.0
2024-01-19,59300.0,59300.0,58800.0,59000.0,1392.0
2024-01-22,59500.0,59500.0,59000.0,59300.0,806.0
2024-01-23,59300.0,59300.0,59000.0,59100.0,2605.0
2024-01-24,59100.0,59200.0,58800.0,58800.0,2520.0
2024-01-25,58900.0,59200.0,58800.0,59100.0,834.0
2024-01-26,59400.0,60400.0,59400.0,59900.0,7743.0
2024-01-29,60100.0,60500.0,59900.0,60400.0,3167.0
2024-01-30,60700.0,62900.0,60600.0,62500.0,18878.0
2024-01-31,62200.0,62500.0,61200.0,61900.0,6353.0
2024-02-01,61700.0,63300.0,61200.0,63000.0,13606.0
2024-02-02,63200.0,63700.0,61900.0,63100.0,11559.0
2024-02-05,63200.0,64000.0,61600.0,63900.0,11632.0
2024-02-06,63900.0,65700.0,63100.0,65500.0,17470.0
2024-02-07,65500.0,67000.0,64600.0,66800.0,11918.0
2024-02-08,67000.0,67100.0,66500.0,67000.0,6704.0
2024-02-13,67000.0,68900.0,67000.0,68900.0,10386.0
2024-02-14,68800.0,69500.0,68100.0,69200.0,4965.0
2024-02-15,69600.0,69600.0,67200.0,67300.0,11114.0
2024-02-16,67300.0,67900.0,65000.0,67100.0,7274.0
2024-02-19,68000.0,69000.0,67300.0,68500.0,14132.0
2024-02-20,68600.0,69000.0,67300.0,67500.0,6298.0
2024-02-21,67500.0,68000.0,66500.0,67200.0,19683.0
2024-02-22,67100.0,67300.0,66900.0,67300.0,5522.0
2024-02-23,67700.0,69000.0,67500.0,68500.0,9175.0
2024-02-26,67500.0,68300.0,65200.0,65700.0,5858.0
2024-02-27,65000.0,66500.0,64800.0,65600.0,1991.0
2024-02-28,65600.0,66800.0,65100.0,66800.0,6038.0
2024-02-29,66600.0,67100.0,66100.0,66100.0,5053.0
2024-03-04,66000.0,67500.0,65900.0,66100.0,6708.0
2024-03-05,66100.0,67900.0,65800.0,66800.0,8281.0
2024-03-06,66800.0,67100.0,66000.0,66100.0,3321.0
2024-03-07,66100.0,67000.0,66000.0,66000.0,3839.0
2024-03-08,66100.0,66500.0,65600.0,66500.0,12403.0
2024-03-11,66700.0,66700.0,66000.0,66500.0,3270.0
2024-03-12,67000.0,67000.0,66100.0,66700.0,1500.0
2024-03-13,66700.0,67700.0,66300.0,67400.0,8078.0
2024-03-14,67200.0,69400.0,67000.0,68200.0,9061.0
2024-03-15,69000.0,69200.0,68000.0,68800.0,6000.0
2024-03-18,68900.0,68900.0,66200.0,67100.0,13189.0
2024-03-19,67700.0,67700.0,66800.0,67200.0,1624.0
2024-03-20,67200.0,67800.0,66600.0,67200.0,2835.0
2024-03-21,67400.0,67800.0,66800.0,67400.0,6932.0
2024-03-22,67700.0,67800.0,67000.0,67200.0,1194.0
2024-03-25,67200.0,68800.0,66500.0,68700.0,13096.0
2024-03-26,68700.0,69100.0,68200.0,68700.0,6189.0
2024-03-27,68700.0,68700.0,67200.0,67500.0,9297.0
2024-03-28,64900.0,64900.0,63500.0,63700.0,13556.0
2024-03-29,63800.0,64300.0,62500.0,62600.0,6520.0
2024-04-01,62500.0,64300.0,62400.0,64300.0,7048.0
2024-04-02,64200.0,64200.0,63600.0,63900.0,2856.0
2024-04-03,63900.0,64300.0,63800.0,64000.0,4233.0
2024-04-04,64000.0,65200.0,64000.0,64400.0,5728.0
2024-04-05,64400.0,65100.0,64300.0,64400.0,3973.0
2024-04-08,64400.0,65000.0,64400.0,65000.0,1346.0
2024-04-09,65100.0,65400.0,64500.0,64800.0,4375.0
2024-04-11,64200.0,65200.0,64000.0,64700.0,5911.0
2024-04-12,65000.0,65500.0,64400.0,64900.0,3233.0
2024-04-15,64500.0,64500.0,63500.0,64500.0,4478.0
2024-04-16,64500.0,64700.0,63700.0,64000.0,5235.0
2024-04-17,64700.0,64800.0,62600.0,63300.0,4659.0
2024-04-18,63300.0,64200.0,63200.0,63800.0,4623.0
2024-04-19,63700.0,65000.0,63300.0,64900.0,5336.0
2024-04-22,64900.0,66500.0,64900.0,66300.0,2743.0
2024-04-23,66200.0,66700.0,65700.0,65700.0,1495.0
2024-04-24,65800.0,66700.0,65000.0,65400.0,2320.0
2024-04-25,65400.0,68900.0,65400.0,68900.0,7470.0
2024-04-26,68000.0,68500.0,66000.0,68500.0,10395.0
2024-04-29,68300.0,68300.0,66900.0,67000.0,9301.0
2024-04-30,66800.0,67700.0,66700.0,67700.0,3705.0
2024-05-02,67700.0,68700.0,66500.0,67300.0,16599.0
2024-05-03,67500.0,68400.0,67500.0,68000.0,2470.0
2024-05-07,67900.0,68500.0,67700.0,68400.0,4080.0
2024-05-08,69000.0,69200.0,68100.0,68900.0,3716.0
2024-05-09,69000.0,69000.0,68400.0,68400.0,2236.0
2024-05-10,68400.0,69000.0,68000.0,68100.0,5514.0
2024-05-13,68700.0,68700.0,67200.0,67900.0,4521.0
2024-05-14,67900.0,69000.0,67400.0,67800.0,4267.0
2024-05-16,67800.0,68600.0,67300.0,67900.0,4492.0
2024-05-17,68400.0,69200.0,68000.0,68800.0,6485.0
2024-05-20,68800.0,69200.0,68000.0,68000.0,2398.0
2024-05-21,68500.0,68500.0,67500.0,67900.0,3429.0
2024-05-22,68400.0,68400.0,67500.0,67600.0,2078.0
2024-05-23,67600.0,68100.0,67200.0,67200.0,2333.0
2024-05-24,67000.0,67200.0,66600.0,66600.0,2249.0
2024-05-27,66600.0,67700.0,66100.0,66200.0,1972.0
2024-05-28,67000.0,68300.0,66300.0,67600.0,2619.0
2024-05-29,68300.0,69200.0,67600.0,68700.0,11537.0
2024-05-30,68700.0,70300.0,68500.0,69900.0,11255.0
2024-05-31,70300.0,72800.0,69900.0,72800.0,15220.0
2024-06-03,72800.0,74700.0,71900.0,74000.0,15327.0
2024-06-04,74400.0,76300.0,73200.0,75400.0,13796.0
2024-06-05,75400.0,75700.0,74500.0,75000.0,5311.0
2024-06-07,74800.0,75000.0,73500.0,75000.0,5083.0
2024-06-10,74300.0,74900.0,73300.0,74600.0,8938.0
2024-06-11,74600.0,74800.0,73300.0,73500.0,3486.0
2024-06-12,74000.0,74000.0,70900.0,72300.0,8880.0
2024-06-13,72100.0,72200.0,71300.0,71400.0,3622.0
2024-06-14,71400.0,74200.0,70400.0,74200.0,10854.0
2024-06-17,73000.0,73000.0,71200.0,71500.0,3761.0
2024-06-18,71500.0,71800.0,71300.0,71600.0,3979.0
2024-06-19,71800.0,72300.0,71000.0,71200.0,3338.0
2024-06-20,71000.0,72300.0,70500.0,72200.0,3919.0
2024-06-21,71900.0,72200.0,70700.0,71800.0,3547.0
2024-06-24,71700.0,72500.0,70800.0,71400.0,3636.0
2024-06-25,71400.0,71400.0,70800.0,71100.0,1861.0
2024-06-26,71100.0,71200.0,69800.0,71200.0,4792.0
2024-06-27,71000.0,71900.0,70000.0,71900.0,4145.0
2024-06-28,71900.0,72400.0,71100.0,71800.0,1928.0
2024-07-01,71700.0,71700.0,71000.0,71200.0,870.0
2024-07-02,71100.0,71500.0,70800.0,71500.0,2333.0
2024-07-03,71500.0,71500.0,70700.0,71100.0,3208.0
2024-07-04,71400.0,72300.0,70900.0,72200.0,4344.0
2024-07-05,72200.0,72600.0,71600.0,71900.0,5967.0
2024-07-08,71800.0,71900.0,71500.0,71800.0,2018.0
2024-07-09,71900.0,72400.0,71600.0,71600.0,4557.0
2024-07-10,71700.0,71700.0,71300.0,71500.0,5026.0
2024-07-11,71600.0,71700.0,71200.0,71200.0,6021.0
2024-07-12,71900.0,71900.0,70800.0,71200.0,5900.0
2024-07-15,71200.0,71700.0,71100.0,71400.0,2779.0
2024-07-16,71800.0,71800.0,70900.0,71200.0,4157.0
2024-07-17,71200.0,72000.0,71200.0,71600.0,3369.0
2024-07-18,71600.0,71900.0,71000.0,71200.0,9537.0
2024-07-19,71200.0,71200.0,70400.0,71200.0,3678.0
2024-07-22,71200.0,71200.0,70000.0,70000.0,2642.0
2024-07-23,70200.0,70400.0,69500.0,70000.0,10632.0
2024-07-24,70000.0,70800.0,69800.0,70700.0,4461.0
2024-07-25,70200.0,70800.0,69800.0,70400.0,1693.0
2024-07-26,69700.0,71300.0,69700.0,71200.0,2548.0
2024-07-29,71200.0,72200.0,70600.0,71900.0,2999.0
2024-07-30,71600.0,72800.0,71500.0,72300.0,3781.0
2024-07-31,72700.0,72900.0,71800.0,72900.0,6857.0
2024-08-01,72900.0,73300.0,72600.0,73200.0,3640.0
2024-08-02,72800.0,73100.0,71400.0,72800.0,4695.0
2024-08-05,72100.0,72300.0,68800.0,70500.0,16731.0
2024-08-06,70500.0,71900.0,70100.0,71300.0,13072.0
2024-08-07,71300.0,72300.0,70600.0,72000.0,7060.0
2024-08-08,70900.0,75900.0,70900.0,75200.0,12526.0
2024-08-09,75000.0,75500.0,74200.0,74900.0,4033.0
2024-08-12,74200.0,75100.0,74000.0,74000.0,2715.0
2024-08-13,74700.0,75500.0,73900.0,74800.0,2614.0
2024-08-14,74700.0,75300.0,74200.0,74900.0,2657.0
2024-08-16,74400.0,75500.0,74400.0,74700.0,2192.0
2024-08-19,74900.0,80600.0,74500.0,79900.0,27908.0
2024-08-20,80300.0,81600.0,78700.0,80500.0,29407.0
2024-08-21,78400.0,83400.0,78400.0,82700.0,13178.0
2024-08-22,82500.0,86000.0,81400.0,84600.0,29890.0
2024-08-23,84600.0,84600.0,81200.0,82600.0,8248.0
2024-08-26,82600.0,82700.0,79500.0,82500.0,12372.0
2024-08-27,80900.0,81600.0,79800.0,80100.0,5242.0
2024-08-28,80000.0,81900.0,79600.0,81600.0,15483.0
2024-08-29,81000.0,83200.0,81000.0,81900.0,4810.0
2024-08-30,83000.0,83000.0,81500.0,82000.0,9316.0
2024-09-02,81500.0,82800.0,81400.0,81900.0,4576.0
2024-09-03,81900.0,82400.0,80600.0,82100.0,6268.0
2024-09-04,81500.0,83200.0,81300.0,82500.0,11214.0
2024-09-05,82500.0,82600.0,81400.0,82000.0,6416.0
2024-09-06,82000.0,82800.0,81000.0,82000.0,4417.0
2024-09-09,81000.0,82500.0,80600.0,81300.0,3198.0
2024-09-10,81300.0,82300.0,80600.0,80600.0,4924.0
2024-09-11,80500.0,81800.0,79200.0,79400.0,12310.0
2024-09-12,79400.0,83000.0,77500.0,81400.0,34684.0
2024-09-13,81100.0,83900.0,81100.0,81600.0,8726.0
2024-09-19,81600.0,83000.0,79600.0,80300.0,11548.0
2024-09-20,80300.0,80900.0,78300.0,78500.0,13747.0
2024-09-23,78500.0,79900.0,77700.0,79500.0,2981.0
2024-09-24,78600.0,80900.0,78500.0,78600.0,2070.0
2024-09-25,79400.0,79400.0,77600.0,77600.0,3712.0
2024-09-26,78900.0,79000.0,77600.0,78900.0,2056.0
2024-09-27,78300.0,82700.0,78100.0,79000.0,4067.0
2024-09-30,81000.0,81000.0,78100.0,79200.0,2083.0
2024-10-02,79600.0,79600.0,78600.0,78600.0,2121.0
2024-10-04,78300.0,79800.0,78100.0,78600.0,2087.0
2024-10-07,78700.0,80800.0,78500.0,80200.0,1918.0
2024-10-08,80800.0,82200.0,80100.0,82200.0,6264.0
2024-10-10,81600.0,85400.0,81100.0,84700.0,8378.0
2024-10-11,84700.0,84900.0,83600.0,83600.0,4280.0
2024-10-14,83600.0,84000.0,82800.0,82900.0,2890.0
2024-10-15,82900.0,84000.0,82900.0,83700.0,2341.0
2024-10-16,83600.0,84300.0,82800.0,82900.0,1614.0
2024-10-17,82900.0,84500.0,82900.0,83400.0,1719.0
2024-10-18,83000.0,84500.0,83000.0,83000.0,2357.0
2024-10-21,82600.0,84200.0,81800.0,82100.0,1394.0
2024-10-22,82100.0,82800.0,81700.0,81900.0,1149.0
2024-10-23,81700.0,82000.0,81500.0,81500.0,1288.0
2024-10-24,81600.0,82300.0,81000.0,82300.0,2213.0
2024-10-25,82600.0,83000.0,80500.0,81100.0,2083.0
2024-10-28,82300.0,82300.0,80200.0,80300.0,1014.0
2024-10-29,80400.0,82000.0,80100.0,81100.0,2019.0
2024-10-30,81100.0,81100.0,80100.0,80200.0,1713.0
2024-10-31,80100.0,82200.0,79900.0,82000.0,5220.0
2024-11-01,82200.0,82200.0,80000.0,81500.0,5131.0
2024-11-04,81500.0,82000.0,80100.0,80500.0,1719.0
2024-11-05,80500.0,81200.0,80000.0,80200.0,1331.0
2024-11-06,80200.0,80500.0,80000.0,80400.0,1730.0
2024-11-07,80400.0,81500.0,80100.0,80700.0,2541.0
2024-11-08,81000.0,81200.0,80000.0,80000.0,1934.0
2024-11-11,80100.0,80200.0,79600.0,80000.0,1840.0
2024-11-12,79500.0,80300.0,78500.0,78600.0,3850.0
2024-11-13,79900.0,79900.0,77700.0,77800.0,4161.0
2024-11-14,78900.0,78900.0,76500.0,77500.0,3858.0
2024-11-15,77500.0,78400.0,77000.0,77400.0,1709.0
2024-11-18,77700.0,79100.0,77500.0,77800.0,1688.0
2024-11-19,77800.0,78800.0,77500.0,78100.0,2564.0
2024-11-20,78200.0,79100.0,78000.0,78600.0,1143.0
2024-11-21,77800.0,78700.0,77800.0,78100.0,2064.0
2024-11-22,78100.0,78900.0,77700.0,78900.0,681.0
2024-11-25,79000.0,79400.0,78200.0,79200.0,1796.0
2024-11-26,79300.0,79800.0,78500.0,79400.0,1705.0
2024-11-27,79600.0,79600.0,78100.0,78700.0,1355.0
2024-11-28,79000.0,79300.0,78300.0,78300.0,1504.0
2024-11-29,78400.0,78600.0,77500.0,77500.0,2015.0
2024-12-02,77700.0,77700.0,76600.0,76700.0,2676.0
2024-12-03,76700.0,79000.0,76700.0,78900.0,3902.0
2024-12-04,77800.0,78800.0,77300.0,77700.0,2376.0
2024-12-05,77700.0,78900.0,76200.0,76200.0,3622.0
2024-12-06,76200.0,77300.0,75700.0,76500.0,3560.0
2024-12-09,74600.0,76500.0,73900.0,74500.0,5053.0
2024-12-10,75000.0,76200.0,74300.0,74500.0,3353.0
2024-12-11,74200.0,77600.0,74200.0,77400.0,3647.0
2024-12-12,77400.0,77400.0,74300.0,75700.0,16381.0
2024-12-13,75500.0,76100.0,73900.0,73900.0,9585.0
2024-12-16,74600.0,74800.0,74100.0,74700.0,2356.0
2024-12-17,75400.0,75700.0,74200.0,75700.0,3823.0
2024-12-18,75800.0,76200.0,74900.0,75700.0,2044.0
2024-12-19,75700.0,76200.0,74700.0,75000.0,2558.0
2024-12-20,75400.0,76200.0,74500.0,75400.0,3069.0
2024-12-23,75400.0,76100.0,75400.0,76100.0,724.0
2024-12-24,77000.0,77000.0,76100.0,76400.0,2455.0
2024-12-26,76400.0,77500.0,76400.0,77500.0,5234.0
2024-12-27,76700.0,77200.0,75900.0,76300.0,1416.0
2024-12-30,76100.0,76300.0,75900.0,76000.0,963.0
2025-01-02,76000.0,77100.0,75600.0,76300.0,4492.0
2025-01-03,76900.0,77500.0,75800.0,76400.0,2849.0
2025-01-06,77300.0,77300.0,75800.0,75800.0,2579.0
2025-01-07,76100.0,76300.0,75500.0,75600.0,2568.0
2025-01-08,75600.0,76700.0,75600.0,76400.0,2528.0
2025-01-09,77100.0,77100.0,75600.0,75700.0,2454.0
2025-01-10,76200.0,76200.0,75600.0,75600.0,2542.0
2025-01-13,76300.0,76400.0,75600.0,75900.0,2188.0
2025-01-14,77200.0,77200.0,75600.0,75800.0,1304.0
2025-01-15,76000.0,76700.0,75600.0,75900.0,1590.0
2025-01-16,76800.0,76800.0,75500.0,76100.0,3390.0
2025-01-17,76200.0,76500.0,75700.0,75700.0,1751.0
2025-01-20,75700.0,76500.0,75700.0,75700.0,1788.0
2025-01-21,75800.0,76300.0,75400.0,75900.0,5283.0
2025-01-22,75900.0,76500.0,75400.0,76300.0,3771.0
2025-01-23,76300.0,76300.0,75200.0,75400.0,3131.0
2025-01-24,75800.0,76000.0,75400.0,75900.0,2222.0
2025-01-31,75400.0,76500.0,75400.0,75900.0,4820.0
2025-02-03,77000.0,77100.0,75200.0,75300.0,4824.0
2025-02-04,75300.0,76700.0,75300.0,76700.0,3037.0
2025-02-05,76700.0,77400.0,76300.0,77400.0,5535.0
2025-02-06,77500.0,79300.0,77500.0,78800.0,7486.0
2025-02-07,78600.0,79200.0,78600.0,78900.0,3249.0
2025-02-10,79300.0,79300.0,78700.0,79300.0,4982.0
2025-02-11,79600.0,79700.0,78300.0,79200.0,4124.0
2025-02-12,78700.0,80500.0,78700.0,79100.0,4014.0
2025-02-13,78900.0,79700.0,78400.0,78400.0,4031.0
2025-02-14,79000.0,81100.0,78500.0,80900.0,7499.0
2025-02-17,81900.0,89000.0,81700.0,86400.0,40022.0
2025-02-18,86300.0,86900.0,82200.0,86400.0,11751.0
2025-02-19,85200.0,86600.0,84200.0,86300.0,12103.0
2025-02-20,86400.0,86600.0,85000.0,85000.0,4075.0
2025-02-21,85000.0,85800.0,84000.0,84400.0,2798.0
2025-02-24,83500.0,85500.0,83300.0,85500.0,3123.0
2025-02-25,84700.0,87700.0,84700.0,86800.0,7391.0
2025-02-26,86500.0,87400.0,86200.0,86700.0,3764.0
2025-02-27,86100.0,87900.0,85800.0,87000.0,2135.0
2025-02-28,86200.0,86200.0,85100.0,86200.0,8219.0
2025-03-04,86000.0,87100.0,85200.0,85200.0,5593.0
2025-03-05,85300.0,85900.0,84100.0,84500.0,1861.0
2025-03-06,85100.0,87800.0,84100.0,84200.0,4667.0
2025-03-07,83800.0,84400.0,82700.0,84200.0,8061.0
2025-03-10,84200.0,84400.0,81900.0,81900.0,9912.0
2025-03-11,81100.0,81100.0,78800.0,80000.0,25747.0
2025-03-12,80100.0,80900.0,79500.0,79800.0,6636.0
2025-03-13,79800.0,80400.0,79500.0,79600.0,3660.0
2025-03-14,79900.0,79900.0,79200.0,79600.0,6692.0
2025-03-17,78000.0,79100.0,76400.0,77700.0,27007.0
2025-03-18,79000.0,80900.0,78000.0,80400.0,16987.0
2025-03-19,80900.0,81200.0,80000.0,80000.0,4546.0
2025-03-20,80000.0,80700.0,80000.0,80100.0,2987.0
2025-03-21,80100.0,81000.0,79600.0,80800.0,4776.0
2025-03-24,80800.0,82700.0,80100.0,80700.0,9308.0
2025-03-25,80100.0,81700.0,80100.0,80500.0,9980.0
2025-03-26,82000.0,82500.0,80200.0,81000.0,10908.0
2025-03-27,81300.0,81300.0,80000.0,80000.0,9212.0
2025-03-28,78100.0,78200.0,75300.0,77800.0,17327.0
2025-03-31,76000.0,77700.0,75000.0,75100.0,9541.0
2025-04-01,75100.0,75600.0,73400.0,73800.0,13695.0
2025-04-02,75000.0,75000.0,73400.0,74200.0,6370.0
2025-04-03,73700.0,74800.0,72800.0,74700.0,5112.0
2025-04-04,74700.0,75000.0,73000.0,74000.0,9446.0
2025-04-07,74000.0,74400.0,71000.0,71500.0,15843.0
2025-04-08,73900.0,74000.0,70000.0,73400.0,4329.0
2025-04-09,73500.0,74400.0,71500.0,73400.0,5534.0
2025-04-10,74500.0,76500.0,73800.0,76300.0,3011.0
2025-04-11,76000.0,77500.0,75300.0,75500.0,2782.0
2025-04-14,74800.0,76900.0,74800.0,76400.0,1716.0
2025-04-15,76800.0,76800.0,75400.0,75900.0,2512.0
2025-04-16,76600.0,76900.0,75300.0,75700.0,2732.0
2025-04-17,76200.0,76600.0,75300.0,76600.0,1160.0
2025-04-18,76000.0,77500.0,75900.0,77000.0,1204.0
2025-04-21,77000.0,77600.0,76300.0,77600.0,3760.0
2025-04-22,77600.0,79600.0,77000.0,79100.0,7158.0
2025-04-23,79200.0,79500.0,78600.0,79500.0,6062.0
2025-04-24,79500.0,80300.0,78900.0,79300.0,4330.0
2025-04-25,79300.0,80100.0,79250.0,80000.0,6074.0
2025-04-28,80000.0,81900.0,80000.0,81500.0,9016.0
2025-04-29,81900.0,85400.0,81500.0,85300.0,19477.0
2025-04-30,85500.0,90800.0,85300.0,89300.0,39610.0
2025-05-02,89300.0,95400.0,88200.0,94800.0,37820.0
2025-05-07,96800.0,98400.0,94200.0,97600.0,31277.0
2025-05-08,97600.0,98900.0,91200.0,94400.0,17581.0
2025-05-09,95900.0,98500.0,94900.0,98400.0,25290.0
2025-05-12,98900.0,109400.0,98700.0,107300.0,76314.0
2025-05-13,109000.0,111000.0,103700.0,110600.0,36101.0
2025-05-14,109800.0,111100.0,104000.0,107000.0,32482.0
2025-05-15,107100.0,108700.0,102400.0,106000.0,18300.0
2025-05-16,105000.0,106000.0,100300.0,102200.0,21496.0
2025-05-19,101200.0,102500.0,99500.0,101200.0,15081.0
2025-05-20,108400.0,110000.0,102400.0,109300.0,35584.0
2025-05-21,106700.0,111100.0,106700.0,110900.0,19386.0
2025-05-22,110900.0,113900.0,108400.0,111600.0,26251.0
2025-05-23,111600.0,114500.0,106300.0,110500.0,25584.0
2025-05-26,110500.0,110500.0,106100.0,109700.0,21645.0
2025-05-27,108100.0,108100.0,104900.0,106700.0,15487.0
2025-05-28,107300.0,109500.0,106000.0,107100.0,15333.0
2025-05-29,107500.0,114000.0,107100.0,111300.0,82514.0
2025-05-30,111900.0,114400.0,108400.0,111800.0,37421.0
2025-06-02,112000.0,114400.0,103300.0,104600.0,52960.0
2025-06-04,110000.0,119500.0,108000.0,117800.0,131506.0
2025-06-05,123000.0,124000.0,116900.0,121000.0,68834.0
2025-06-09,125700.0,142000.0,125700.0,130900.0,122912.0
2025-06-10,133400.0,133400.0,121000.0,123400.0,80766.0
2025-06-11,124500.0,126000.0,119100.0,126000.0,65740.0
2025-06-12,124500.0,124500.0,121400.0,121400.0,50659.0
2025-06-13,122800.0,124900.0,115000.0,116000.0,58103.0
2025-06-16,116000.0,120300.0,115400.0,117200.0,51158.0
2025-06-17,118600.0,127100.0,117300.0,118900.0,73853.0
2025-06-18,119100.0,121900.0,117500.0,119000.0,38158.0
2025-06-19,118700.0,119000.0,114600.0,117700.0,46253.0
2025-06-20,117700.0,119200.0,113200.0,118700.0,53239.0
2025-06-23,117800.0,121900.0,114000.0,120400.0,59712.0
2025-06-24,122400.0,126500.0,118000.0,120300.0,79247.0
2025-06-25,120600.0,123400.0,119000.0,121900.0,41547.0
2025-06-26,121800.0,121800.0,115200.0,116900.0,46699.0
2025-06-27,117500.0,117900.0,115800.0,117200.0,21266.0
2025-06-30,118000.0,121400.0,116500.0,121000.0,30597.0
2025-07-01,122500.0,128000.0,121500.0,125200.0,39180.0
2025-07-02,127500.0,128200.0,118700.0,120100.0,25913.0
2025-07-03,123200.0,125200.0,119900.0,122900.0,28529.0
2025-07-04,124800.0,124800.0,117800.0,118100.0,18634.0
2025-07-07,116900.0,120200.0,116900.0,118300.0,12549.0
2025-07-08,118300.0,145600.0,117500.0,142000.0,245940.0
2025-07-09,155500.0,175000.0,146500.0,166400.0,414238.0
2025-07-10,162400.0,178600.0,156000.0,162600.0,264768.0
2025-07-11,166000.0,166100.0,158000.0,161600.0,108517.0
2025-07-14,160300.0,161000.0,150800.0,157600.0,101219.0
2025-07-15,159000.0,159700.0,154100.0,157100.0,64731.0
2025-07-16,155000.0,155100.0,144700.0,146800.0,84572.0
2025-07-17,146900.0,148500.0,140000.0,140500.0,63293.0
2025-07-18,142000.0,142700.0,137400.0,140100.0,40742.0
2025-07-21,138700.0,140500.0,137600.0,139300.0,24693.0
2025-07-22,146400.0,156000.0,140500.0,148400.0,252492.0
2025-07-23,144600.0,145400.0,137000.0,141600.0,77485.0
2025-07-24,140800.0,143300.0,138000.0,138500.0,60526.0
2025-07-25,137200.0,141400.0,137200.0,139800.0,20713.0
2025-07-28,136900.0,139200.0,126000.0,128300.0,56076.0
2025-07-29,128100.0,135000.0,126200.0,130500.0,40252.0
2025-07-30,131000.0,131500.0,127600.0,128200.0,16369.0
2025-07-31,128400.0,130000.0,126400.0,127900.0,15524.0
2025-08-01,125200.0,125800.0,118900.0,119000.0,41923.0
2025-08-04,119600.0,121000.0,117800.0,120500.0,16563.0
2025-08-05,121600.0,129100.0,121000.0,127800.0,37694.0
2025-08-06,125300.0,128900.0,125200.0,128900.0,10569.0
2025-08-07,129700.0,131200.0,128100.0,130400.0,20628.0
2025-08-08,130700.0,130800.0,126400.0,127100.0,14854.0
2025-08-11,126200.0,126600.0,123250.0,125300.0,14222.0
2025-08-12,125100.0,134400.0,125100.0,130500.0,31604.0
2025-08-13,132000.0,132000.0,128800.0,130800.0,20496.0
2025-08-14,130600.0,132800.0,128900.0,129000.0,7248.0
2025-08-18,127100.0,130400.0,125000.0,129600.0,17282.0
2025-08-19,128600.0,131000.0,126100.0,129300.0,18394.0
2025-08-20,125400.0,127900.0,121200.0,125000.0,17518.0
2025-08-21,125900.0,128700.0,125900.0,127500.0,15467.0
2025-08-22,127600.0,129400.0,125100.0,127600.0,11595.0
2025-08-25,129500.0,135000.0,125500.0,134200.0,26844.0
2025-08-26,134000.0,134000.0,130800.0,133200.0,18060.0
2025-08-27,132300.0,133400.0,131200.0,131900.0,15116.0
2025-08-28,132000.0,148000.0,130900.0,142400.0,94544.0
2025-08-29,147500.0,149000.0,144100.0,149000.0,52393.0
2025-09-01,151400.0,156600.0,148100.0,150700.0,62070.0
2025-09-02,149100.0,150700.0,142500.0,142500.0,53866.0
2025-09-03,141700.0,142500.0,137900.0,139500.0,21990.0
2025-09-04,140100.0,140100.0,136500.0,136500.0,25867.0
2025-09-05,137900.0,138400.0,135000.0,137100.0,19920.0
2025-09-08,139000.0,143000.0,138000.0,143000.0,35003.0
2025-09-09,144800.0,150800.0,142500.0,146300.0,149477.0
2025-09-10,151500.0,153900.0,148100.0,151800.0,96048.0
2025-09-11,154000.0,155000.0,145100.0,149400.0,80619.0
2025-09-12,152300.0,152400.0,145100.0,145300.0,68049.0
2025-09-15,148300.0,154300.0,147300.0,152600.0,90296.0
2025-09-16,152800.0,152900.0,146700.0,147100.0,47015.0
2025-09-17,147300.0,147500.0,143000.0,144300.0,30376.0
2025-09-18,146400.0,147300.0,143600.0,146000.0,23494.0
2025-09-19,147500.0,147500.0,143900.0,145500.0,12303.0
2025-09-22,146100.0,148500.0,143400.0,146000.0,26853.0
2025-09-23,148200.0,148200.0,142400.0,142600.0,17767.0
2025-09-24,141500.0,141600.0,133000.0,134500.0,52364.0
2025-09-25,133300.0,133300.0,128100.0,131200.0,27326.0
2025-09-26,136200.0,136200.0,130300.0,131600.0,29212.0
2025-09-29,132900.0,135300.0,129100.0,132800.0,20136.0
2025-09-30,133400.0,133400.0,130500.0,132400.0,8740.0
2025-10-01,133700.0,133700.0,130200.0,131600.0,11868.0
2025-10-02,131800.0,136500.0,131300.0,135400.0,26573.0
2025-10-10,138000.0,138000.0,133700.0,134400.0,18101.0
2025-10-13,130500.0,132100.0,129900.0,131000.0,14249.0
2025-10-14,130600.0,133800.0,130500.0,131000.0,12873.0
2025-10-15,131400.0,134400.0,130600.0,134400.0,12370.0
2025-10-16,134500.0,139400.0,134400.0,137800.0,23789.0
2025-10-17,136600.0,136600.0,133300.0,133500.0,16060.0
2025-10-20,134600.0,143500.0,131800.0,143400.0,46712.0
2025-10-21,145100.0,145200.0,138300.0,138300.0,32749.0
2025-10-22,139800.0,139800.0,133300.0,137700.0,21954.0
2025-10-23,137200.0,137200.0,133200.0,135600.0,13785.0
2025-10-24,137000.0,139700.0,136100.0,137700.0,18986.0
2025-10-27,142000.0,146100.0,140200.0,142000.0,37437.0
2025-10-28,141300.0,145300.0,140000.0,142300.0,26781.0
2025-10-29,142800.0,142800.0,140200.0,142000.0,17980.0
2025-10-30,143600.0,145100.0,139300.0,140100.0,26135.0
2025-10-31,141200.0,146900.0,139600.0,144900.0,46522.0
2025-11-03,147100.0,153900.0,145300.0,153400.0,63559.0
2025-11-04,152600.0,152600.0,143900.0,143900.0,53828.0
2025-11-05,141900.0,142100.0,136300.0,140500.0,31915.0
2025-11-06,143100.0,150300.0,138600.0,147000.0,41434.0
2025-11-07,144900.0,146500.0,139000.0,141500.0,26594.0
2025-11-10,148400.0,159200.0,148400.0,155000.0,129370.0
2025-11-11,156200.0,156700.0,149700.0,155500.0,70828.0
2025-11-12,156500.0,168700.0,153000.0,166700.0,130101.0
2025-11-13,164500.0,165500.0,159000.0,163300.0,56230.0
2025-11-14,157000.0,158800.0,154200.0,155100.0,34954.0
2025-11-17,155400.0,157000.0,151100.0,153900.0,42889.0
2025-11-18,152000.0,152600.0,143100.0,143400.0,39764.0
2025-11-19,144400.0,145600.0,140100.0,142500.0,22893.0
2025-11-20,145800.0,147900.0,143900.0,147000.0,26971.0
2025-11-21,140600.0,143000.0,139800.0,141100.0,14439.0
2025-11-24,144100.0,148700.0,140100.0,144100.0,41700.0
2025-11-25,146600.0,146900.0,139000.0,139900.0,31471.0
2025-11-26,141200.0,141200.0,137000.0,140100.0,29108.0
2025-11-27,140500.0,143400.0,140100.0,141200.0,18918.0
2025-11-28,141700.0,142900.0,139600.0,139900.0,18136.0
2025-12-01,141100.0,141300.0,137900.0,138600.0,17762.0
2025-12-02,139600.0,142200.0,138800.0,141700.0,20417.0
2025-12-03,144000.0,151100.0,142700.0,146800.0,33213.0
2025-12-04,146800.0,147300.0,142700.0,143400.0,13655.0
2025-12-05,144200.0,144400.0,141900.0,144000.0,12076.0
2025-12-08,145500.0,145500.0,140800.0,142400.0,13615.0
2025-12-09,143200.0,143200.0,141100.0,142400.0,11140.0
2025-12-10,143400.0,143400.0,140000.0,140500.0,13663.0
2025-12-11,141200.0,144200.0,140600.0,140600.0,14205.0
2025-12-12,142200.0,146100.0,141900.0,145700.0,21033.0
2025-12-15,141900.0,145700.0,141900.0,144500.0,16941.0
2025-12-16,144500.0,146200.0,141500.0,142000.0,25207.0
2025-12-17,142500.0,145000.0,137200.0,142900.0,19255.0
2025-12-18,140200.0,144000.0,139600.0,142200.0,14429.0
2025-12-19,142000.0,144200.0,141200.0,142900.0,14083.0
2025-12-22,143200.0,143700.0,140100.0,142200.0,13547.0
2025-12-23,143600.0,144700.0,142000.0,142400.0,15059.0
2025-12-24,142900.0,143400.0,141500.0,143000.0,11955.0
2025-12-26,144400.0,145900.0,141100.0,141500.0,18458.0
2025-12-29,141500.0,144000.0,140000.0,143000.0,14473.0
2025-12-30,142300.0,149200.0,132200.0,134100.0,44020.0
2026-01-02,136200.0,136200.0,131400.0,132800.0,30620.0
2026-01-05,132700.0,134700.0,130500.0,132500.0,31586.0
2026-01-06,133000.0,135200.0,132300.0,134800.0,37745.0
2026-01-07,136200.0,136700.0,132900.0,133500.0,18091.0
2026-01-08,134000.0,134400.0,129800.0,129800.0,22298.0
2026-01-09,131000.0,131000.0,128300.0,129300.0,14292.0
2026-01-12,130500.0,131400.0,129300.0,130800.0,13532.0
2026-01-13,131500.0,131500.0,129700.0,130900.0,10878.0
2026-01-14,132100.0,143800.0,129300.0,141400.0,54363.0
2026-01-15,145000.0,151200.0,144400.0,150900.0,58272.0
2026-01-16,150400.0,155600.0,149500.0,153800.0,40288.0
2026-01-19,151000.0,155000.0,146100.0,147400.0,27387.0
2026-01-20,148900.0,161500.0,146000.0,159000.0,81299.0
2026-01-21,155800.0,157600.0,150200.0,151400.0,27882.0
2026-01-22,151100.0,151400.0,145300.0,146700.0,40491.0
2026-01-23,152800.0,171900.0,152800.0,165800.0,128390.0
2026-01-26,164100.0,167500.0,161500.0,165300.0,39491.0
2026-01-27,166500.0,170700.0,162900.0,169500.0,39706.0
2026-01-28,169200.0,171000.0,160000.0,166800.0,32922.0
2026-01-29,167300.0,179500.0,164800.0,178500.0,64007.0
2026-01-30,178100.0,179200.0,173900.0,176600.0,33795.0
2026-02-02,183500.0,184000.0,169500.0,172600.0,50604.0
2026-02-03,180000.0,194300.0,179500.0,192000.0,70786.0
2026-02-04,186500.0,189000.0,181800.0,188000.0,34128.0
2026-02-05,186800.0,190200.0,183500.0,185400.0,22459.0
2026-02-06,179000.0,180600.0,171700.0,177900.0,27350.0
2026-02-09,184500.0,188000.0,182000.0,183800.0,36670.0
2026-02-10,185000.0,191800.0,182500.0,188500.0,25188.0
2026-02-11,189800.0,189800.0,183400.0,184700.0,22791.0
2026-02-12,188600.0,198300.0,187000.0,194100.0,43319.0
2026-02-13,215500.0,241500.0,208000.0,227500.0,193911.0
2026-02-19,248000.0,249000.0,232500.0,240500.0,110344.0
2026-02-20,248000.0,248000.0,225000.0,243000.0,89995.0
2026-02-23,271500.0,272000.0,240500.0,255000.0,153918.0
2026-02-24,243000.0,245000.0,222500.0,237500.0,118791.0
2026-02-25,240000.0,243500.0,225500.0,233000.0,119593.0
2026-02-26,231500.0,236000.0,223500.0,233000.0,76644.0
2026-02-27,229000.0,230000.0,222000.0,225500.0,52214.0
2026-03-03,211500.0,216000.0,200500.0,200500.0,84308.0
2026-03-04,187600.0,194800.0,168200.0,169700.0,86257.0
2026-03-05,187100.0,195400.0,182600.0,188700.0,62232.0
2026-03-06,185000.0,196300.0,183500.0,194000.0,39253.0
2026-03-09,175000.0,181400.0,170100.0,180400.0,29915.0
2026-03-10,190800.0,191600.0,183000.0,186400.0,41252.0
2026-03-11,213000.0,213500.0,198000.0,201000.0,73673.0
2026-03-12,211500.0,215750.0,205000.0,213500.0,60847.0
2026-03-13,205000.0,211500.0,203000.0,207000.0,32826.0
2026-03-16,206000.0,206000.0,197100.0,199700.0,27373.0
2026-03-17,205500.0,208000.0,199600.0,199600.0,17203.0
2026-03-18,203000.0,210000.0,201500.0,208500.0,35209.0
2026-03-19,202500.0,211000.0,200000.0,207000.0,29041.0
2026-03-20,212000.0,213000.0,207000.0,209000.0,23471.0
2026-03-23,202000.0,202000.0,197900.0,199500.0,23148.0
2026-03-24,205500.0,206000.0,196500.0,202000.0,16301.0
2026-03-25,205000.0,212500.0,204500.0,210000.0,26856.0
2026-03-26,210000.0,210000.0,199900.0,201500.0,16023.0
2026-03-27,197600.0,209000.0,196700.0,206000.0,29147.0
2026-03-30,195500.0,197400.0,191500.0,193100.0,17029.0
2026-03-31,190600.0,191000.0,184000.0,184400.0,25868.0
2026-04-01,191500.0,199400.0,191400.0,198600.0,16029.0
2026-04-02,198600.0,201500.0,184800.0,185600.0,23033.0
2026-04-03,189300.0,191700.0,186500.0,187500.0,14869.0
2026-04-06,187600.0,190000.0,182500.0,185100.0,14615.0
2026-04-07,186100.0,191000.0,183000.0,184700.0,10843.0
2026-04-08,192300.0,209000.0,192300.0,208500.0,30124.0
2026-04-09,205000.0,208500.0,201000.0,204500.0,13974.0
2026-04-10,209000.0,209500.0,202000.0,203500.0,13972.0
2026-04-14,206500.0,206500.0,206500.0,206500.0,0.0
2026-04-15,211500.0,211500.0,205500.0,209000.0,14932.0
2026-04-16,209500.0,212000.0,207500.0,208500.0,16355.0
2026-04-17,210500.0,210500.0,205500.0,208500.0,7269.0
2026-04-20,205000.0,205500.0,202500.0,204000.0,10967.0
2026-04-21,206000.0,206000.0,199800.0,202000.0,26162.0
2026-04-22,202000.0,205000.0,199400.0,205000.0,13291.0
2026-04-23,207000.0,208500.0,198500.0,203000.0,15889.0
2026-04-24,202500.0,204000.0,199900.0,201000.0,27657.0
2026-04-27,202500.0,208000.0,201000.0,204500.0,19311.0
2026-04-28,206000.0,206500.0,201000.0,202000.0,12412.0
2026-04-29,203500.0,203500.0,199900.0,201000.0,10204.0
2026-04-30,201000.0,203500.0,197100.0,197100.0,10532.0
